0 0.128906 0.928906 0.089063 0.089063
0 0.825781 0.836719 0.067187 0.067187
0 0.205469 0.188281 0.095312 0.095312
0 0.503125 0.632812 0.093750 0.093750
0 0.248438 0.529687 0.040625 0.040625
0 0.073438 0.531250 0.062500 0.062500
0 0.918750 0.593750 0.075000 0.075000
0 0.817187 0.921875 0.050000 0.050000
0 0.063281 0.410156 0.085938 0.085938
0 0.092188 0.148438 0.046875 0.046875
0 0.051562 0.689063 0.059375 0.059375
0 0.803125 0.221875 0.081250 0.081250
0 0.389062 0.664062 0.056250 0.056250
0 0.412500 0.145313 0.059375 0.059375
0 0.092969 0.846094 0.051562 0.051562
