0 0.725000 0.535937 0.093750 0.093750
0 0.314844 0.691406 0.045312 0.045312
0 0.937500 0.503125 0.056250 0.056250
0 0.687500 0.090625 0.071875 0.071875
0 0.932813 0.050000 0.046875 0.046875
0 0.435156 0.711719 0.048438 0.048438
0 0.937500 0.621875 0.040625 0.040625
0 0.635938 0.318750 0.059375 0.059375
0 0.103125 0.450000 0.031250 0.031250
0 0.911719 0.703906 0.032813 0.032813
0 0.823438 0.523438 0.093750 0.093750
0 0.464062 0.103125 0.078125 0.078125
0 0.646094 0.910156 0.032813 0.032813
0 0.360156 0.160156 0.067187 0.067187
0 0.770312 0.292187 0.031250 0.031250
0 0.906250 0.168750 0.050000 0.050000
0 0.418750 0.789062 0.068750 0.068750
0 0.178125 0.382812 0.037500 0.037500
