0 0.850000 0.154688 0.078125 0.078125
0 0.289844 0.191406 0.082812 0.082812
0 0.567187 0.946875 0.065625 0.065625
0 0.475000 0.265625 0.050000 0.050000
0 0.417187 0.907813 0.096875 0.096875
0 0.953125 0.139063 0.078125 0.078125
0 0.190625 0.070312 0.081250 0.081250
0 0.035156 0.157031 0.057813 0.057813
0 0.721094 0.835156 0.089063 0.089063
0 0.946094 0.772656 0.079687 0.079687
0 0.806250 0.548438 0.046875 0.046875
0 0.160156 0.416406 0.032813 0.032813
0 0.559375 0.290625 0.096875 0.096875
0 0.600000 0.579688 0.056250 0.056250
0 0.446094 0.678906 0.082812 0.082812
0 0.591406 0.772656 0.089063 0.089063
0 0.692187 0.135937 0.043750 0.043750
0 0.833594 0.905469 0.042188 0.042188
0 0.347656 0.055469 0.060937 0.060937
