0 0.696875 0.837500 0.071875 0.071875
0 0.364844 0.492969 0.070312 0.070312
0 0.513281 0.614844 0.070312 0.070312
0 0.740625 0.962500 0.065625 0.065625
0 0.745313 0.490625 0.068750 0.068750
0 0.399219 0.658594 0.032813 0.032813
0 0.975000 0.704688 0.043750 0.043750
0 0.642969 0.694531 0.042188 0.042188
0 0.107813 0.518750 0.040625 0.040625
0 0.136719 0.182031 0.089063 0.089063
0 0.147656 0.624219 0.048438 0.048438
0 0.248438 0.954688 0.081250 0.081250
0 0.596875 0.964063 0.062500 0.062500
0 0.251563 0.735938 0.071875 0.071875
0 0.929688 0.246875 0.065625 0.065625
0 0.887500 0.487500 0.075000 0.075000
0 0.556250 0.114062 0.053125 0.053125
0 0.236719 0.077344 0.051562 0.051562
0 0.722656 0.307031 0.092188 0.092188
