0 0.420312 0.196875 0.065625 0.065625
0 0.139844 0.424219 0.054688 0.054688
0 0.417969 0.397656 0.029687 0.029687
0 0.039062 0.259375 0.075000 0.075000
0 0.604688 0.668750 0.081250 0.081250
0 0.793750 0.328125 0.078125 0.078125
0 0.618750 0.490625 0.037500 0.037500
0 0.766406 0.580469 0.051562 0.051562
0 0.095312 0.056250 0.046875 0.046875
0 0.768750 0.226562 0.043750 0.043750
0 0.917969 0.628906 0.048438 0.048438
0 0.241406 0.713281 0.035937 0.035937
0 0.810937 0.431250 0.075000 0.075000
0 0.942187 0.414062 0.093750 0.093750
0 0.615625 0.117188 0.065625 0.065625
0 0.398438 0.692187 0.090625 0.090625
0 0.222656 0.771094 0.051562 0.051562
0 0.453125 0.875000 0.062500 0.062500
