0 0.478125 0.396875 0.090625 0.090625
0 0.420312 0.864062 0.090625 0.090625
0 0.763281 0.911719 0.095312 0.095312
0 0.289844 0.938281 0.073438 0.073438
0 0.229687 0.603125 0.059375 0.059375
0 0.889062 0.934375 0.065625 0.065625
0 0.757812 0.776563 0.053125 0.053125
0 0.828906 0.675781 0.039062 0.039062
0 0.719531 0.394531 0.032813 0.032813
0 0.323437 0.762500 0.087500 0.087500
0 0.856250 0.107813 0.078125 0.078125
0 0.149219 0.299219 0.035937 0.035937
0 0.642969 0.661719 0.095312 0.095312
0 0.260156 0.466406 0.085938 0.085938
0 0.264844 0.138281 0.095312 0.095312
0 0.771094 0.378906 0.045312 0.045312
0 0.117188 0.721875 0.059375 0.059375
