0 0.397656 0.689844 0.067187 0.067187
0 0.672656 0.517969 0.085938 0.085938
0 0.553906 0.250781 0.057813 0.057813
0 0.864062 0.129688 0.065625 0.065625
0 0.409375 0.060937 0.084375 0.084375
0 0.128125 0.673438 0.087500 0.087500
0 0.645312 0.610938 0.031250 0.031250
0 0.860938 0.954688 0.037500 0.037500
0 0.581250 0.148438 0.053125 0.053125
0 0.514844 0.980469 0.039062 0.039062
0 0.078906 0.402344 0.051562 0.051562
0 0.614062 0.914062 0.071875 0.071875
0 0.231250 0.804688 0.056250 0.056250
0 0.920312 0.773438 0.059375 0.059375
0 0.193750 0.520312 0.071875 0.071875
