0 0.126562 0.121875 0.084375 0.084375
0 0.690625 0.542188 0.087500 0.087500
0 0.582812 0.690625 0.065625 0.065625
0 0.268750 0.101562 0.053125 0.053125
0 0.225781 0.839844 0.032813 0.032813
0 0.146094 0.303906 0.098437 0.098437
0 0.601562 0.273438 0.065625 0.065625
0 0.253125 0.660937 0.059375 0.059375
0 0.823438 0.578125 0.090625 0.090625
0 0.581250 0.412500 0.040625 0.040625
0 0.657031 0.361719 0.060937 0.060937
0 0.239063 0.242188 0.043750 0.043750
0 0.197656 0.152344 0.042188 0.042188
0 0.240625 0.953125 0.093750 0.093750
0 0.711719 0.417969 0.048438 0.048438
0 0.391406 0.482031 0.095312 0.095312
0 0.369531 0.805469 0.057813 0.057813
