0 0.798438 0.403125 0.090625 0.090625
0 0.046875 0.692187 0.050000 0.050000
0 0.646094 0.632031 0.089063 0.089063
0 0.757031 0.213281 0.076563 0.076563
0 0.263281 0.092969 0.079687 0.079687
0 0.395313 0.667188 0.053125 0.053125
0 0.147656 0.325781 0.098437 0.098437
0 0.374219 0.800781 0.098437 0.098437
0 0.370312 0.378125 0.043750 0.043750
0 0.354687 0.037500 0.037500 0.037500
0 0.695312 0.390625 0.031250 0.031250
0 0.774219 0.089844 0.089063 0.089063
0 0.129688 0.937500 0.050000 0.050000
0 0.851562 0.076563 0.040625 0.040625
0 0.910937 0.090625 0.068750 0.068750
0 0.163281 0.711719 0.085938 0.085938
0 0.582031 0.417969 0.042188 0.042188
0 0.733594 0.911719 0.045312 0.045312
0 0.466406 0.485156 0.095312 0.095312
