0 0.551562 0.210938 0.078125 0.078125
0 0.431250 0.878125 0.050000 0.050000
0 0.087500 0.703125 0.059375 0.059375
0 0.592187 0.107813 0.031250 0.031250
0 0.139844 0.328906 0.085938 0.085938
0 0.757812 0.301563 0.093750 0.093750
0 0.787500 0.803125 0.084375 0.084375
0 0.632031 0.542969 0.029687 0.029687
0 0.450000 0.356250 0.071875 0.071875
0 0.807031 0.522656 0.042188 0.042188
0 0.921875 0.165625 0.096875 0.096875
0 0.084375 0.104688 0.096875 0.096875
0 0.180469 0.703906 0.054688 0.054688
0 0.679688 0.625000 0.056250 0.056250
0 0.574219 0.041406 0.067187 0.067187
0 0.800781 0.411719 0.032813 0.032813
0 0.870313 0.656250 0.031250 0.031250
0 0.172656 0.908594 0.079687 0.079687
0 0.281250 0.701562 0.078125 0.078125
