0 0.880469 0.058594 0.070312 0.070312
0 0.711719 0.849219 0.042188 0.042188
0 0.413281 0.799219 0.092188 0.092188
0 0.249219 0.492969 0.064062 0.064062
0 0.407031 0.541406 0.085938 0.085938
0 0.692969 0.628906 0.067187 0.067187
0 0.923438 0.739062 0.050000 0.050000
0 0.102344 0.303906 0.070312 0.070312
0 0.735156 0.210156 0.035937 0.035937
0 0.666406 0.413281 0.057813 0.057813
0 0.680469 0.094531 0.067187 0.067187
0 0.871094 0.266406 0.067187 0.067187
0 0.835156 0.369531 0.039062 0.039062
0 0.476562 0.407813 0.078125 0.078125
0 0.046875 0.928125 0.090625 0.090625
0 0.044531 0.442969 0.082812 0.082812
0 0.571094 0.702344 0.035937 0.035937
0 0.117188 0.532813 0.062500 0.062500
0 0.224219 0.369531 0.057813 0.057813
