0 0.430469 0.469531 0.067187 0.067187
0 0.582812 0.182812 0.075000 0.075000
0 0.658594 0.225781 0.073438 0.073438
0 0.499219 0.721094 0.085938 0.085938
0 0.180469 0.235156 0.095312 0.095312
0 0.908594 0.488281 0.092188 0.092188
0 0.275781 0.599219 0.032813 0.032813
0 0.597656 0.333594 0.070312 0.070312
0 0.749219 0.460156 0.079687 0.079687
0 0.573438 0.051562 0.090625 0.090625
0 0.300781 0.425781 0.039062 0.039062
0 0.876563 0.642188 0.078125 0.078125
0 0.832812 0.290625 0.090625 0.090625
0 0.728906 0.889844 0.057813 0.057813
0 0.146094 0.350781 0.029687 0.029687
0 0.039062 0.250000 0.053125 0.053125
0 0.172656 0.805469 0.057813 0.057813
0 0.061719 0.957031 0.079687 0.079687
