0 0.850000 0.254688 0.090625 0.090625
0 0.439063 0.723437 0.034375 0.034375
0 0.923438 0.657813 0.068750 0.068750
0 0.453125 0.615625 0.040625 0.040625
0 0.911719 0.047656 0.092188 0.092188
0 0.957031 0.507031 0.051562 0.051562
0 0.065625 0.845313 0.084375 0.084375
0 0.263281 0.233594 0.098437 0.098437
0 0.363281 0.799219 0.057813 0.057813
0 0.411719 0.507031 0.095312 0.095312
0 0.834375 0.512500 0.093750 0.093750
0 0.495312 0.876563 0.043750 0.043750
0 0.742188 0.943750 0.037500 0.037500
0 0.739062 0.532813 0.043750 0.043750
0 0.859375 0.790625 0.090625 0.090625
0 0.665625 0.525000 0.043750 0.043750
0 0.158594 0.760156 0.070312 0.070312
0 0.042188 0.403125 0.065625 0.065625
0 0.485938 0.470313 0.031250 0.031250
0 0.498437 0.157812 0.040625 0.040625
