0 0.959375 0.582812 0.062500 0.062500
0 0.373437 0.864062 0.084375 0.084375
0 0.377344 0.378906 0.057813 0.057813
0 0.850781 0.814844 0.054688 0.054688
0 0.832812 0.225000 0.071875 0.071875
0 0.971875 0.298438 0.037500 0.037500
0 0.321094 0.653906 0.042188 0.042188
0 0.236719 0.636719 0.079687 0.079687
0 0.389062 0.260937 0.084375 0.084375
0 0.745313 0.384375 0.046875 0.046875
0 0.605469 0.530469 0.057813 0.057813
0 0.545312 0.787500 0.075000 0.075000
0 0.371094 0.480469 0.039062 0.039062
0 0.594531 0.697656 0.060937 0.060937
0 0.946094 0.475781 0.060937 0.060937
