0 0.045312 0.670312 0.056250 0.056250
0 0.194531 0.650781 0.082812 0.082812
0 0.948438 0.815625 0.096875 0.096875
0 0.505469 0.538281 0.054688 0.054688
0 0.082031 0.541406 0.042188 0.042188
0 0.510938 0.326562 0.056250 0.056250
0 0.196094 0.494531 0.029687 0.029687
0 0.793750 0.378125 0.065625 0.065625
0 0.935156 0.046094 0.076563 0.076563
0 0.621094 0.597656 0.042188 0.042188
0 0.700781 0.908594 0.076563 0.076563
0 0.194531 0.339844 0.089063 0.089063
0 0.571094 0.161719 0.082812 0.082812
0 0.236719 0.241406 0.070312 0.070312
