0 0.937500 0.923438 0.046875 0.046875
0 0.286719 0.749219 0.082812 0.082812
0 0.883594 0.796094 0.079687 0.079687
0 0.166406 0.711719 0.064062 0.064062
0 0.301563 0.273438 0.078125 0.078125
0 0.571094 0.355469 0.032813 0.032813
0 0.178125 0.868750 0.059375 0.059375
0 0.077344 0.875781 0.045312 0.045312
0 0.180469 0.178906 0.073438 0.073438
0 0.278906 0.635156 0.092188 0.092188
0 0.556250 0.237500 0.053125 0.053125
0 0.615625 0.601562 0.031250 0.031250
0 0.742188 0.101562 0.037500 0.037500
0 0.827344 0.938281 0.039062 0.039062
0 0.620313 0.367188 0.037500 0.037500
