0 0.386719 0.888281 0.060937 0.060937
0 0.540625 0.159375 0.034375 0.034375
0 0.484375 0.512500 0.068750 0.068750
0 0.361719 0.260156 0.079687 0.079687
0 0.438281 0.325781 0.067187 0.067187
0 0.504687 0.625000 0.093750 0.093750
0 0.941406 0.264844 0.079687 0.079687
0 0.321875 0.153125 0.062500 0.062500
0 0.244531 0.747656 0.035937 0.035937
0 0.800781 0.408594 0.095312 0.095312
0 0.229687 0.242188 0.071875 0.071875
0 0.063281 0.102344 0.095312 0.095312
0 0.134375 0.400000 0.043750 0.043750
0 0.074219 0.208594 0.064062 0.064062
0 0.651563 0.640625 0.071875 0.071875
