0 0.964844 0.471094 0.048438 0.048438
0 0.555469 0.042969 0.076563 0.076563
0 0.878906 0.167969 0.057813 0.057813
0 0.662500 0.484375 0.090625 0.090625
0 0.950781 0.313281 0.079687 0.079687
0 0.309375 0.890625 0.062500 0.062500
0 0.613281 0.336719 0.089063 0.089063
0 0.171875 0.915625 0.093750 0.093750
0 0.211719 0.616406 0.051562 0.051562
0 0.237500 0.440625 0.081250 0.081250
0 0.826562 0.792188 0.046875 0.046875
0 0.328125 0.375000 0.071875 0.071875
0 0.058594 0.088281 0.079687 0.079687
0 0.682031 0.919531 0.082812 0.082812
0 0.543750 0.712500 0.043750 0.043750
0 0.125000 0.457813 0.093750 0.093750
0 0.542188 0.906250 0.090625 0.090625
0 0.778906 0.714844 0.057813 0.057813
0 0.153906 0.264844 0.042188 0.042188
