0 0.277344 0.347656 0.079687 0.079687
0 0.892969 0.660156 0.085938 0.085938
0 0.110156 0.369531 0.057813 0.057813
0 0.620313 0.395313 0.053125 0.053125
0 0.797656 0.275781 0.098437 0.098437
0 0.687500 0.159375 0.059375 0.059375
0 0.973437 0.696875 0.034375 0.034375
0 0.145313 0.151562 0.084375 0.084375
0 0.481250 0.957812 0.043750 0.043750
0 0.419531 0.280469 0.085938 0.085938
0 0.643750 0.489063 0.090625 0.090625
0 0.786719 0.158594 0.092188 0.092188
0 0.457031 0.475781 0.076563 0.076563
0 0.823438 0.750000 0.078125 0.078125
0 0.907813 0.253125 0.053125 0.053125
0 0.591406 0.142969 0.089063 0.089063
0 0.544531 0.886719 0.076563 0.076563
0 0.179688 0.821875 0.087500 0.087500
