0 0.262500 0.671875 0.037500 0.037500
0 0.581250 0.237500 0.065625 0.065625
0 0.653125 0.289062 0.053125 0.053125
0 0.461719 0.764844 0.057813 0.057813
0 0.954688 0.503125 0.050000 0.050000
0 0.121875 0.942187 0.068750 0.068750
0 0.907031 0.932031 0.045312 0.045312
0 0.513281 0.638281 0.045312 0.045312
0 0.920312 0.435937 0.034375 0.034375
0 0.942187 0.192188 0.071875 0.071875
0 0.500000 0.829688 0.040625 0.040625
0 0.809375 0.573438 0.071875 0.071875
0 0.325000 0.615625 0.065625 0.065625
0 0.968750 0.800000 0.056250 0.056250
0 0.314844 0.191406 0.076563 0.076563
