0 0.047656 0.702344 0.082812 0.082812
0 0.617188 0.390625 0.078125 0.078125
0 0.405469 0.414844 0.048438 0.048438
0 0.967969 0.899219 0.057813 0.057813
0 0.594531 0.500781 0.042188 0.042188
0 0.767188 0.445312 0.071875 0.071875
0 0.415625 0.218750 0.050000 0.050000
0 0.895312 0.785937 0.087500 0.087500
0 0.155469 0.574219 0.032813 0.032813
0 0.840625 0.040625 0.065625 0.065625
0 0.442188 0.662500 0.078125 0.078125
0 0.161719 0.403906 0.089063 0.089063
0 0.040625 0.090625 0.037500 0.037500
0 0.765625 0.131250 0.096875 0.096875
