0 0.688281 0.425781 0.092188 0.092188
0 0.215625 0.354687 0.050000 0.050000
0 0.204687 0.495312 0.031250 0.031250
0 0.071875 0.342187 0.071875 0.071875
0 0.920312 0.450000 0.056250 0.056250
0 0.927344 0.216406 0.035937 0.035937
0 0.750000 0.195312 0.043750 0.043750
0 0.817187 0.068750 0.081250 0.081250
0 0.395313 0.579688 0.084375 0.084375
0 0.690625 0.520312 0.084375 0.084375
0 0.583594 0.691406 0.095312 0.095312
0 0.962500 0.525000 0.068750 0.068750
0 0.403125 0.468750 0.084375 0.084375
0 0.130469 0.235156 0.082812 0.082812
0 0.514844 0.375781 0.095312 0.095312
0 0.614844 0.950781 0.048438 0.048438
0 0.082031 0.561719 0.085938 0.085938
0 0.235937 0.693750 0.037500 0.037500
0 0.538281 0.844531 0.064062 0.064062
0 0.274219 0.246094 0.048438 0.048438
