0 0.785156 0.717969 0.060937 0.060937
0 0.571875 0.307812 0.093750 0.093750
0 0.805469 0.594531 0.060937 0.060937
0 0.921875 0.781250 0.084375 0.084375
0 0.052344 0.427344 0.032813 0.032813
0 0.886719 0.055469 0.073438 0.073438
0 0.778125 0.175000 0.075000 0.075000
0 0.688281 0.522656 0.098437 0.098437
0 0.371875 0.634375 0.087500 0.087500
0 0.444531 0.847656 0.089063 0.089063
0 0.568750 0.404687 0.096875 0.096875
0 0.591406 0.532031 0.092188 0.092188
0 0.589844 0.700781 0.039062 0.039062
0 0.599219 0.908594 0.085938 0.085938
