0 0.203125 0.840625 0.034375 0.034375
0 0.850781 0.444531 0.095312 0.095312
0 0.522656 0.930469 0.064062 0.064062
0 0.407813 0.525000 0.087500 0.087500
0 0.264844 0.525781 0.085938 0.085938
0 0.609375 0.460938 0.065625 0.065625
0 0.824219 0.861719 0.098437 0.098437
0 0.182031 0.072656 0.048438 0.048438
0 0.140625 0.512500 0.040625 0.040625
0 0.225781 0.391406 0.029687 0.029687
0 0.150000 0.190625 0.090625 0.090625
0 0.398438 0.826562 0.031250 0.031250
0 0.877344 0.578906 0.089063 0.089063
0 0.136719 0.746094 0.082812 0.082812
0 0.045312 0.245312 0.056250 0.056250
0 0.631250 0.051562 0.043750 0.043750
0 0.733594 0.519531 0.089063 0.089063
0 0.628906 0.928906 0.098437 0.098437
