0 0.053906 0.113281 0.054688 0.054688
0 0.710938 0.740625 0.081250 0.081250
0 0.435156 0.050781 0.045312 0.045312
0 0.654687 0.296875 0.062500 0.062500
0 0.531250 0.635938 0.071875 0.071875
0 0.634375 0.221875 0.078125 0.078125
0 0.741406 0.496094 0.039062 0.039062
0 0.328125 0.864062 0.093750 0.093750
0 0.828125 0.218750 0.043750 0.043750
0 0.271875 0.475000 0.053125 0.053125
0 0.559375 0.826562 0.040625 0.040625
0 0.735156 0.039844 0.060937 0.060937
0 0.867188 0.800000 0.096875 0.096875
0 0.445312 0.687500 0.093750 0.093750
0 0.339844 0.382031 0.048438 0.048438
0 0.092188 0.615625 0.040625 0.040625
0 0.167969 0.244531 0.032813 0.032813
