0 0.673438 0.334375 0.081250 0.081250
0 0.096094 0.883594 0.085938 0.085938
0 0.057031 0.235156 0.089063 0.089063
0 0.460938 0.221875 0.037500 0.037500
0 0.104688 0.415625 0.078125 0.078125
0 0.331250 0.142187 0.034375 0.034375
0 0.792188 0.814063 0.034375 0.034375
0 0.817187 0.445312 0.068750 0.068750
0 0.175781 0.794531 0.079687 0.079687
0 0.619531 0.725781 0.079687 0.079687
0 0.079687 0.707812 0.090625 0.090625
0 0.313281 0.232031 0.089063 0.089063
0 0.222656 0.602344 0.029687 0.029687
0 0.770312 0.575000 0.037500 0.037500
0 0.452344 0.902344 0.070312 0.070312
