0 0.092969 0.327344 0.054688 0.054688
0 0.814844 0.583594 0.067187 0.067187
0 0.182812 0.757812 0.078125 0.078125
0 0.584375 0.178125 0.062500 0.062500
0 0.149219 0.558594 0.039062 0.039062
0 0.915625 0.120313 0.093750 0.093750
0 0.095312 0.165625 0.071875 0.071875
0 0.638281 0.150781 0.035937 0.035937
0 0.643750 0.550000 0.078125 0.078125
0 0.367969 0.611719 0.035937 0.035937
0 0.673438 0.976562 0.037500 0.037500
0 0.446875 0.732812 0.053125 0.053125
0 0.578125 0.489063 0.046875 0.046875
0 0.192969 0.549219 0.045312 0.045312
0 0.413281 0.927344 0.095312 0.095312
0 0.360938 0.710938 0.084375 0.084375
