0 0.371875 0.875000 0.075000 0.075000
0 0.532031 0.135156 0.079687 0.079687
0 0.750781 0.939844 0.070312 0.070312
0 0.253906 0.047656 0.029687 0.029687
0 0.270313 0.482812 0.059375 0.059375
0 0.896875 0.414062 0.078125 0.078125
0 0.778906 0.764844 0.051562 0.051562
0 0.869531 0.103906 0.032813 0.032813
0 0.779687 0.165625 0.081250 0.081250
0 0.911719 0.833594 0.064062 0.064062
0 0.680469 0.667969 0.073438 0.073438
0 0.293750 0.610938 0.037500 0.037500
0 0.287500 0.282813 0.043750 0.043750
0 0.154688 0.035937 0.065625 0.065625
0 0.630469 0.752344 0.060937 0.060937
0 0.862500 0.518750 0.050000 0.050000
0 0.618750 0.206250 0.075000 0.075000
0 0.245312 0.907813 0.050000 0.050000
0 0.784375 0.473438 0.084375 0.084375
