0 0.338281 0.936719 0.048438 0.048438
0 0.503125 0.492188 0.096875 0.096875
0 0.894531 0.958594 0.029687 0.029687
0 0.242969 0.830469 0.045312 0.045312
0 0.785156 0.507031 0.029687 0.029687
0 0.026562 0.050000 0.040625 0.040625
0 0.977344 0.516406 0.035937 0.035937
0 0.863281 0.266406 0.095312 0.095312
0 0.561719 0.296094 0.098437 0.098437
0 0.830469 0.577344 0.067187 0.067187
0 0.160938 0.606250 0.081250 0.081250
0 0.846094 0.447656 0.039062 0.039062
0 0.471094 0.905469 0.079687 0.079687
0 0.742188 0.918750 0.068750 0.068750
0 0.676562 0.456250 0.037500 0.037500
0 0.386719 0.550781 0.060937 0.060937
