0 0.728906 0.321094 0.057813 0.057813
0 0.179688 0.314063 0.068750 0.068750
0 0.928125 0.757812 0.084375 0.084375
0 0.150000 0.225000 0.071875 0.071875
0 0.457813 0.121875 0.093750 0.093750
0 0.420312 0.382812 0.056250 0.056250
0 0.925781 0.835156 0.039062 0.039062
0 0.182812 0.798438 0.056250 0.056250
0 0.560937 0.101562 0.050000 0.050000
0 0.775781 0.183594 0.079687 0.079687
0 0.348438 0.575000 0.084375 0.084375
0 0.265625 0.329688 0.040625 0.040625
0 0.811719 0.353906 0.035937 0.035937
0 0.621875 0.882812 0.037500 0.037500
