0 0.029687 0.925000 0.031250 0.031250
0 0.566406 0.642969 0.085938 0.085938
0 0.526563 0.182812 0.046875 0.046875
0 0.587500 0.325000 0.068750 0.068750
0 0.845313 0.721875 0.096875 0.096875
0 0.394531 0.085156 0.082812 0.082812
0 0.069531 0.480469 0.098437 0.098437
0 0.354687 0.446875 0.031250 0.031250
0 0.154688 0.189062 0.050000 0.050000
0 0.872656 0.336719 0.082812 0.082812
0 0.652344 0.513281 0.095312 0.095312
0 0.254688 0.334375 0.071875 0.071875
0 0.339844 0.219531 0.073438 0.073438
0 0.850000 0.604688 0.062500 0.062500
0 0.505469 0.764844 0.051562 0.051562
0 0.607812 0.787500 0.043750 0.043750
