0 0.231250 0.418750 0.062500 0.062500
0 0.058594 0.200781 0.039062 0.039062
0 0.243750 0.568750 0.081250 0.081250
0 0.807813 0.725000 0.050000 0.050000
0 0.119531 0.532031 0.073438 0.073438
0 0.388281 0.880469 0.057813 0.057813
0 0.628906 0.403906 0.051562 0.051562
0 0.551562 0.615625 0.081250 0.081250
0 0.075781 0.705469 0.057813 0.057813
0 0.485938 0.975000 0.050000 0.050000
0 0.767188 0.034375 0.056250 0.056250
0 0.250000 0.673438 0.084375 0.084375
0 0.492188 0.479687 0.065625 0.065625
0 0.694531 0.105469 0.029687 0.029687
0 0.925781 0.907031 0.054688 0.054688
0 0.673438 0.715625 0.053125 0.053125
0 0.875000 0.217188 0.090625 0.090625
0 0.263281 0.846094 0.042188 0.042188
0 0.429688 0.131250 0.075000 0.075000
0 0.794531 0.335156 0.048438 0.048438
