0 0.596094 0.197656 0.048438 0.048438
0 0.889844 0.086719 0.070312 0.070312
0 0.860938 0.782813 0.031250 0.031250
0 0.043750 0.407813 0.056250 0.056250
0 0.670312 0.121875 0.090625 0.090625
0 0.490625 0.798438 0.050000 0.050000
0 0.921875 0.965625 0.031250 0.031250
0 0.928906 0.891406 0.064062 0.064062
0 0.067969 0.507031 0.095312 0.095312
0 0.202344 0.539844 0.035937 0.035937
0 0.541406 0.953906 0.060937 0.060937
0 0.833594 0.407031 0.070312 0.070312
0 0.146094 0.417969 0.035937 0.035937
0 0.589063 0.554688 0.087500 0.087500
0 0.342187 0.456250 0.031250 0.031250
0 0.252344 0.733594 0.092188 0.092188
0 0.966406 0.502344 0.057813 0.057813
0 0.280469 0.952344 0.067187 0.067187
0 0.369531 0.716406 0.045312 0.045312
