0 0.342969 0.260156 0.060937 0.060937
0 0.339844 0.077344 0.092188 0.092188
0 0.353906 0.342969 0.048438 0.048438
0 0.279687 0.873437 0.040625 0.040625
0 0.469531 0.728906 0.035937 0.035937
0 0.444531 0.072656 0.098437 0.098437
0 0.787500 0.479687 0.059375 0.059375
0 0.546875 0.918750 0.056250 0.056250
0 0.541406 0.685156 0.067187 0.067187
0 0.091406 0.450781 0.060937 0.060937
0 0.170313 0.390625 0.081250 0.081250
0 0.792188 0.857812 0.062500 0.062500
0 0.469531 0.803906 0.048438 0.048438
0 0.721094 0.922656 0.064062 0.064062
0 0.027344 0.267969 0.029687 0.029687
0 0.815625 0.090625 0.050000 0.050000
0 0.625781 0.141406 0.073438 0.073438
0 0.478125 0.889062 0.034375 0.034375
0 0.934375 0.062500 0.090625 0.090625
0 0.153906 0.108594 0.076563 0.076563
