0 0.509375 0.753125 0.065625 0.065625
0 0.959375 0.678125 0.071875 0.071875
0 0.938281 0.932031 0.095312 0.095312
0 0.318750 0.603125 0.096875 0.096875
0 0.766406 0.577344 0.045312 0.045312
0 0.111719 0.835156 0.067187 0.067187
0 0.667188 0.221875 0.034375 0.034375
0 0.879687 0.698438 0.053125 0.053125
0 0.164844 0.544531 0.067187 0.067187
0 0.602344 0.180469 0.032813 0.032813
0 0.492188 0.282813 0.068750 0.068750
0 0.426563 0.375000 0.090625 0.090625
0 0.721875 0.495312 0.050000 0.050000
0 0.342969 0.432031 0.060937 0.060937
0 0.114844 0.746094 0.082812 0.082812
