0 0.123438 0.142187 0.056250 0.056250
0 0.665625 0.592187 0.081250 0.081250
0 0.384375 0.057813 0.075000 0.075000
0 0.148438 0.801562 0.043750 0.043750
0 0.235156 0.299219 0.092188 0.092188
0 0.428906 0.335156 0.042188 0.042188
0 0.385156 0.413281 0.073438 0.073438
0 0.973437 0.156250 0.053125 0.053125
0 0.942969 0.977344 0.045312 0.045312
0 0.194531 0.060156 0.032813 0.032813
0 0.048438 0.057813 0.078125 0.078125
0 0.825781 0.358594 0.085938 0.085938
0 0.862500 0.881250 0.043750 0.043750
0 0.342187 0.335938 0.053125 0.053125
0 0.471094 0.127344 0.045312 0.045312
0 0.522656 0.138281 0.029687 0.029687
0 0.293750 0.114062 0.053125 0.053125
0 0.292969 0.185156 0.042188 0.042188
0 0.178125 0.553125 0.050000 0.050000
