0 0.454688 0.520312 0.096875 0.096875
0 0.135937 0.089063 0.040625 0.040625
0 0.885938 0.701562 0.075000 0.075000
0 0.097656 0.596094 0.060937 0.060937
0 0.199219 0.836719 0.035937 0.035937
0 0.650781 0.655469 0.064062 0.064062
0 0.681250 0.267188 0.065625 0.065625
0 0.166406 0.922656 0.073438 0.073438
0 0.626563 0.446875 0.090625 0.090625
0 0.627344 0.349219 0.095312 0.095312
0 0.883594 0.636719 0.032813 0.032813
0 0.658594 0.739844 0.029687 0.029687
0 0.708594 0.142969 0.073438 0.073438
0 0.086719 0.916406 0.064062 0.064062
