0 0.367969 0.347656 0.095312 0.095312
0 0.816406 0.913281 0.098437 0.098437
0 0.335938 0.904687 0.062500 0.062500
0 0.620313 0.971875 0.056250 0.056250
0 0.760938 0.785937 0.078125 0.078125
0 0.498437 0.623437 0.046875 0.046875
0 0.517188 0.703125 0.065625 0.065625
0 0.557813 0.910937 0.065625 0.065625
0 0.533594 0.777344 0.060937 0.060937
0 0.491406 0.542969 0.079687 0.079687
0 0.326562 0.964063 0.053125 0.053125
0 0.077344 0.925781 0.095312 0.095312
0 0.732031 0.677344 0.064062 0.064062
0 0.645312 0.682813 0.053125 0.053125
0 0.371875 0.681250 0.084375 0.084375
