0 0.129688 0.623437 0.059375 0.059375
0 0.211719 0.294531 0.095312 0.095312
0 0.821094 0.936719 0.098437 0.098437
0 0.532813 0.212500 0.075000 0.075000
0 0.619531 0.182031 0.042188 0.042188
0 0.398438 0.178125 0.037500 0.037500
0 0.217188 0.146875 0.031250 0.031250
0 0.485938 0.359375 0.034375 0.034375
0 0.603906 0.589844 0.057813 0.057813
0 0.607031 0.289844 0.029687 0.029687
0 0.093750 0.228125 0.037500 0.037500
0 0.332031 0.441406 0.079687 0.079687
0 0.859375 0.650000 0.040625 0.040625
0 0.369531 0.546094 0.079687 0.079687
0 0.475000 0.809375 0.034375 0.034375
0 0.151562 0.164062 0.062500 0.062500
0 0.046094 0.685156 0.082812 0.082812
0 0.923438 0.975000 0.050000 0.050000
0 0.782031 0.200781 0.082812 0.082812
