0 0.208594 0.450781 0.076563 0.076563
0 0.794531 0.619531 0.057813 0.057813
0 0.477344 0.742969 0.060937 0.060937
0 0.456250 0.931250 0.034375 0.034375
0 0.953125 0.359375 0.056250 0.056250
0 0.763281 0.441406 0.092188 0.092188
0 0.214062 0.596875 0.090625 0.090625
0 0.233594 0.244531 0.029687 0.029687
0 0.489063 0.662500 0.075000 0.075000
0 0.093750 0.115625 0.056250 0.056250
0 0.783594 0.224219 0.079687 0.079687
0 0.225781 0.678906 0.035937 0.035937
0 0.394531 0.817969 0.079687 0.079687
0 0.874219 0.421094 0.098437 0.098437
0 0.331250 0.062500 0.075000 0.075000
0 0.686719 0.294531 0.085938 0.085938
0 0.442188 0.242188 0.053125 0.053125
0 0.043750 0.253125 0.050000 0.050000
