0 0.716406 0.052344 0.054688 0.054688
0 0.574219 0.147656 0.073438 0.073438
0 0.911719 0.527344 0.085938 0.085938
0 0.173437 0.076563 0.078125 0.078125
0 0.728125 0.935937 0.034375 0.034375
0 0.348438 0.850000 0.046875 0.046875
0 0.367969 0.489844 0.070312 0.070312
0 0.478125 0.523438 0.075000 0.075000
0 0.254688 0.714063 0.081250 0.081250
0 0.585156 0.580469 0.095312 0.095312
0 0.966406 0.264844 0.032813 0.032813
0 0.730469 0.335156 0.070312 0.070312
0 0.322656 0.360156 0.032813 0.032813
0 0.771875 0.810937 0.062500 0.062500
0 0.318750 0.584375 0.068750 0.068750
0 0.071094 0.464844 0.039062 0.039062
0 0.757812 0.623437 0.075000 0.075000
