0 0.138281 0.482031 0.042188 0.042188
0 0.073438 0.604688 0.087500 0.087500
0 0.932031 0.652344 0.060937 0.060937
0 0.327344 0.871094 0.095312 0.095312
0 0.653125 0.903125 0.071875 0.071875
0 0.228125 0.367188 0.087500 0.087500
0 0.314063 0.739062 0.071875 0.071875
0 0.275781 0.586719 0.042188 0.042188
0 0.540625 0.040625 0.059375 0.059375
0 0.671094 0.196094 0.085938 0.085938
0 0.198437 0.218750 0.071875 0.071875
0 0.726562 0.042188 0.031250 0.031250
0 0.951562 0.193750 0.065625 0.065625
0 0.392969 0.955469 0.039062 0.039062
0 0.900000 0.857812 0.078125 0.078125
0 0.817187 0.881250 0.059375 0.059375
0 0.378125 0.593750 0.081250 0.081250
0 0.074219 0.122656 0.085938 0.085938
0 0.258594 0.519531 0.070312 0.070312
