0 0.493750 0.709375 0.093750 0.093750
0 0.275000 0.634375 0.065625 0.065625
0 0.444531 0.028906 0.057813 0.057813
0 0.107813 0.737500 0.078125 0.078125
0 0.121875 0.176563 0.046875 0.046875
0 0.646094 0.533594 0.076563 0.076563
0 0.589844 0.310156 0.054688 0.054688
0 0.264844 0.785156 0.029687 0.029687
0 0.535937 0.492188 0.053125 0.053125
0 0.628906 0.824219 0.054688 0.054688
0 0.358594 0.278906 0.039062 0.039062
0 0.952344 0.861719 0.064062 0.064062
0 0.206250 0.645312 0.068750 0.068750
0 0.575000 0.603125 0.037500 0.037500
0 0.748437 0.946875 0.043750 0.043750
0 0.249219 0.517969 0.035937 0.035937
0 0.187500 0.417187 0.037500 0.037500
