0 0.117969 0.727344 0.048438 0.048438
0 0.688281 0.755469 0.095312 0.095312
0 0.195312 0.045312 0.040625 0.040625
0 0.134375 0.078125 0.078125 0.078125
0 0.194531 0.838281 0.045312 0.045312
0 0.704688 0.023438 0.034375 0.034375
0 0.029687 0.145313 0.050000 0.050000
0 0.746875 0.556250 0.037500 0.037500
0 0.872656 0.400781 0.057813 0.057813
0 0.460156 0.200781 0.076563 0.076563
0 0.930469 0.591406 0.079687 0.079687
0 0.117188 0.448437 0.078125 0.078125
0 0.346094 0.689844 0.073438 0.073438
0 0.449219 0.892969 0.098437 0.098437
0 0.340625 0.184375 0.078125 0.078125
0 0.203125 0.300000 0.078125 0.078125
