0 0.924219 0.492969 0.085938 0.085938
0 0.792969 0.778906 0.098437 0.098437
0 0.148438 0.234375 0.068750 0.068750
0 0.689063 0.609375 0.056250 0.056250
0 0.235156 0.364844 0.073438 0.073438
0 0.671094 0.042969 0.035937 0.035937
0 0.528125 0.568750 0.093750 0.093750
0 0.937500 0.939063 0.056250 0.056250
0 0.161719 0.966406 0.029687 0.029687
0 0.571094 0.839844 0.039062 0.039062
0 0.361719 0.367969 0.092188 0.092188
0 0.688281 0.105469 0.076563 0.076563
0 0.919531 0.753906 0.076563 0.076563
0 0.526563 0.482812 0.037500 0.037500
0 0.400781 0.202344 0.092188 0.092188
0 0.904687 0.075000 0.065625 0.065625
0 0.222656 0.928906 0.070312 0.070312
