0 0.195312 0.710938 0.071875 0.071875
0 0.976562 0.426563 0.031250 0.031250
0 0.053125 0.312500 0.059375 0.059375
0 0.142969 0.094531 0.060937 0.060937
0 0.374219 0.744531 0.092188 0.092188
0 0.583594 0.411719 0.060937 0.060937
0 0.797656 0.505469 0.054688 0.054688
0 0.210156 0.175781 0.064062 0.064062
0 0.205469 0.278906 0.051562 0.051562
0 0.232813 0.392188 0.065625 0.065625
0 0.850000 0.807813 0.084375 0.084375
0 0.392969 0.542969 0.039062 0.039062
0 0.666406 0.867969 0.035937 0.035937
0 0.879687 0.685937 0.056250 0.056250
0 0.826562 0.607812 0.096875 0.096875
0 0.810156 0.192969 0.079687 0.079687
