0 0.211719 0.528906 0.092188 0.092188
0 0.075000 0.835938 0.081250 0.081250
0 0.613281 0.125781 0.042188 0.042188
0 0.412500 0.346875 0.031250 0.031250
0 0.699219 0.527344 0.060937 0.060937
0 0.923438 0.112500 0.053125 0.053125
0 0.587500 0.515625 0.065625 0.065625
0 0.657031 0.314844 0.076563 0.076563
0 0.408594 0.032031 0.064062 0.064062
0 0.339062 0.900000 0.031250 0.031250
0 0.133594 0.463281 0.051562 0.051562
0 0.045312 0.334375 0.046875 0.046875
0 0.674219 0.080469 0.073438 0.073438
0 0.808594 0.088281 0.064062 0.064062
0 0.828906 0.161719 0.048438 0.048438
0 0.193750 0.803125 0.071875 0.071875
0 0.685937 0.715625 0.056250 0.056250
0 0.525781 0.158594 0.054688 0.054688
0 0.564063 0.350000 0.068750 0.068750
0 0.419531 0.896094 0.082812 0.082812
