0 0.350000 0.535937 0.062500 0.062500
0 0.533594 0.585156 0.095312 0.095312
0 0.269531 0.396094 0.085938 0.085938
0 0.735938 0.632812 0.078125 0.078125
0 0.960156 0.227344 0.057813 0.057813
0 0.162500 0.406250 0.034375 0.034375
0 0.942187 0.878125 0.075000 0.075000
0 0.057813 0.489063 0.034375 0.034375
0 0.648438 0.693750 0.071875 0.071875
0 0.889062 0.750000 0.071875 0.071875
0 0.953125 0.689063 0.043750 0.043750
0 0.483594 0.783594 0.098437 0.098437
0 0.833594 0.094531 0.079687 0.079687
0 0.102344 0.391406 0.057813 0.057813
0 0.157031 0.088281 0.048438 0.048438
0 0.739062 0.196875 0.071875 0.071875
