0 0.460156 0.766406 0.064062 0.064062
0 0.882031 0.699219 0.076563 0.076563
0 0.319531 0.646094 0.073438 0.073438
0 0.724219 0.683594 0.057813 0.057813
0 0.689063 0.870313 0.087500 0.087500
0 0.782031 0.435156 0.085938 0.085938
0 0.584375 0.567187 0.062500 0.062500
0 0.034375 0.650000 0.050000 0.050000
0 0.452344 0.857031 0.042188 0.042188
0 0.481250 0.951562 0.068750 0.068750
0 0.313281 0.794531 0.039062 0.039062
0 0.482031 0.266406 0.082812 0.082812
0 0.847656 0.582031 0.082812 0.082812
0 0.785156 0.024219 0.035937 0.035937
0 0.478125 0.526563 0.096875 0.096875
0 0.475000 0.040625 0.062500 0.062500
0 0.095312 0.553125 0.090625 0.090625
0 0.749219 0.214844 0.042188 0.042188
