0 0.926562 0.914062 0.040625 0.040625
0 0.910937 0.307812 0.096875 0.096875
0 0.792969 0.878906 0.035937 0.035937
0 0.131250 0.423438 0.059375 0.059375
0 0.915625 0.170313 0.087500 0.087500
0 0.089844 0.594531 0.079687 0.079687
0 0.614844 0.736719 0.060937 0.060937
0 0.278906 0.639844 0.029687 0.029687
0 0.192188 0.185938 0.031250 0.031250
0 0.083594 0.091406 0.057813 0.057813
0 0.704688 0.809375 0.081250 0.081250
0 0.096094 0.169531 0.042188 0.042188
0 0.387500 0.873437 0.059375 0.059375
0 0.214844 0.830469 0.089063 0.089063
0 0.667188 0.215625 0.056250 0.056250
0 0.419531 0.119531 0.098437 0.098437
0 0.308594 0.233594 0.092188 0.092188
