0 0.056250 0.070312 0.096875 0.096875
0 0.194531 0.414844 0.051562 0.051562
0 0.832812 0.381250 0.040625 0.040625
0 0.492188 0.290625 0.096875 0.096875
0 0.949219 0.689844 0.039062 0.039062
0 0.533594 0.730469 0.089063 0.089063
0 0.337500 0.718750 0.056250 0.056250
0 0.710938 0.771875 0.065625 0.065625
0 0.231250 0.356250 0.062500 0.062500
0 0.324219 0.285156 0.035937 0.035937
0 0.266406 0.852344 0.092188 0.092188
0 0.095312 0.939063 0.034375 0.034375
0 0.086719 0.747656 0.076563 0.076563
0 0.790625 0.792188 0.068750 0.068750
