0 0.939844 0.178906 0.085938 0.085938
0 0.808594 0.630469 0.042188 0.042188
0 0.792969 0.242969 0.095312 0.095312
0 0.060156 0.086719 0.042188 0.042188
0 0.551562 0.854688 0.053125 0.053125
0 0.311719 0.219531 0.045312 0.045312
0 0.342969 0.764844 0.064062 0.064062
0 0.211719 0.610156 0.085938 0.085938
0 0.257812 0.467187 0.093750 0.093750
0 0.898438 0.781250 0.087500 0.087500
0 0.537500 0.451562 0.081250 0.081250
0 0.630469 0.799219 0.092188 0.092188
0 0.095312 0.623437 0.034375 0.034375
0 0.705469 0.933594 0.079687 0.079687
0 0.602344 0.238281 0.051562 0.051562
0 0.392188 0.257812 0.087500 0.087500
0 0.297656 0.871094 0.057813 0.057813
