0 0.100000 0.857812 0.037500 0.037500
0 0.088281 0.444531 0.079687 0.079687
0 0.401562 0.651563 0.056250 0.056250
0 0.539062 0.934375 0.087500 0.087500
0 0.457031 0.311719 0.073438 0.073438
0 0.772656 0.857031 0.082812 0.082812
0 0.627344 0.855469 0.067187 0.067187
0 0.965625 0.789062 0.034375 0.034375
0 0.251563 0.637500 0.068750 0.068750
0 0.431250 0.940625 0.075000 0.075000
0 0.688281 0.652344 0.082812 0.082812
0 0.289062 0.073438 0.090625 0.090625
0 0.833594 0.060156 0.039062 0.039062
0 0.854688 0.378125 0.068750 0.068750
0 0.482812 0.390625 0.059375 0.059375
0 0.825781 0.257031 0.060937 0.060937
0 0.580469 0.477344 0.029687 0.029687
0 0.375000 0.725000 0.071875 0.071875
