0 0.344531 0.338281 0.064062 0.064062
0 0.828125 0.951562 0.087500 0.087500
0 0.941406 0.450781 0.039062 0.039062
0 0.508594 0.216406 0.098437 0.098437
0 0.764062 0.329688 0.087500 0.087500
0 0.592187 0.126562 0.068750 0.068750
0 0.737500 0.067187 0.096875 0.096875
0 0.770312 0.575000 0.096875 0.096875
0 0.545312 0.059375 0.050000 0.050000
0 0.676562 0.935937 0.090625 0.090625
0 0.453906 0.125781 0.057813 0.057813
0 0.080469 0.602344 0.039062 0.039062
0 0.965625 0.665625 0.053125 0.053125
0 0.546094 0.908594 0.082812 0.082812
0 0.643750 0.845313 0.078125 0.078125
0 0.349219 0.127344 0.064062 0.064062
0 0.843750 0.850000 0.059375 0.059375
0 0.519531 0.800781 0.060937 0.060937
0 0.922656 0.314844 0.057813 0.057813
