0 0.958594 0.686719 0.051562 0.051562
0 0.695312 0.768750 0.081250 0.081250
0 0.620313 0.784375 0.046875 0.046875
0 0.130469 0.813281 0.060937 0.060937
0 0.046875 0.653125 0.050000 0.050000
0 0.446094 0.716406 0.073438 0.073438
0 0.940625 0.507812 0.053125 0.053125
0 0.825781 0.946094 0.051562 0.051562
0 0.457813 0.498437 0.075000 0.075000
0 0.564063 0.320312 0.081250 0.081250
0 0.055469 0.310156 0.079687 0.079687
0 0.620313 0.907813 0.043750 0.043750
0 0.932031 0.319531 0.082812 0.082812
0 0.529687 0.125000 0.062500 0.062500
0 0.528906 0.941406 0.045312 0.045312
0 0.442969 0.219531 0.073438 0.073438
0 0.196875 0.421875 0.093750 0.093750
