0 0.082031 0.782031 0.048438 0.048438
0 0.199219 0.628906 0.089063 0.089063
0 0.232031 0.221094 0.073438 0.073438
0 0.782031 0.944531 0.067187 0.067187
0 0.362500 0.175000 0.034375 0.034375
0 0.460156 0.130469 0.042188 0.042188
0 0.599219 0.682031 0.057813 0.057813
0 0.963281 0.407031 0.045312 0.045312
0 0.312500 0.729688 0.084375 0.084375
0 0.114844 0.447656 0.085938 0.085938
0 0.894531 0.305469 0.079687 0.079687
0 0.832031 0.500781 0.032813 0.032813
0 0.313281 0.821094 0.042188 0.042188
0 0.410156 0.360156 0.085938 0.085938
0 0.431250 0.809375 0.050000 0.050000
0 0.242969 0.822656 0.095312 0.095312
0 0.729688 0.432812 0.037500 0.037500
0 0.020313 0.360938 0.040625 0.040625
0 0.810156 0.641406 0.045312 0.045312
0 0.720313 0.071875 0.078125 0.078125
