0 0.386719 0.549219 0.029687 0.029687
0 0.872656 0.025781 0.051562 0.051562
0 0.266406 0.336719 0.067187 0.067187
0 0.468750 0.159375 0.053125 0.053125
0 0.841406 0.167969 0.079687 0.079687
0 0.786719 0.600781 0.060937 0.060937
0 0.802344 0.464844 0.067187 0.067187
0 0.327344 0.088281 0.032813 0.032813
0 0.785156 0.708594 0.032813 0.032813
0 0.691406 0.030469 0.035937 0.035937
0 0.092969 0.596094 0.089063 0.089063
0 0.171094 0.139844 0.067187 0.067187
0 0.849219 0.767969 0.045312 0.045312
0 0.114844 0.707031 0.039062 0.039062
0 0.910937 0.303125 0.053125 0.053125
0 0.393750 0.053125 0.034375 0.034375
0 0.494531 0.339844 0.042188 0.042188
0 0.380469 0.827344 0.029687 0.029687
