0 0.364063 0.687500 0.034375 0.034375
0 0.635156 0.039844 0.060937 0.060937
0 0.367969 0.491406 0.035937 0.035937
0 0.682813 0.704688 0.050000 0.050000
0 0.746094 0.585156 0.054688 0.054688
0 0.192969 0.974219 0.035937 0.035937
0 0.862500 0.676562 0.062500 0.062500
0 0.061719 0.200781 0.098437 0.098437
0 0.696875 0.307812 0.059375 0.059375
0 0.578125 0.823438 0.040625 0.040625
0 0.620313 0.285938 0.081250 0.081250
0 0.051562 0.625000 0.078125 0.078125
0 0.171875 0.437500 0.071875 0.071875
0 0.525781 0.500781 0.057813 0.057813
0 0.974219 0.442969 0.045312 0.045312
