0 0.691406 0.914844 0.067187 0.067187
0 0.515625 0.423438 0.096875 0.096875
0 0.482031 0.310156 0.051562 0.051562
0 0.132031 0.641406 0.067187 0.067187
0 0.723437 0.514062 0.043750 0.043750
0 0.312500 0.334375 0.075000 0.075000
0 0.422656 0.891406 0.039062 0.039062
0 0.978906 0.869531 0.032813 0.032813
0 0.953906 0.610156 0.067187 0.067187
0 0.479687 0.818750 0.084375 0.084375
0 0.616406 0.710156 0.067187 0.067187
0 0.925781 0.744531 0.073438 0.073438
0 0.326562 0.792188 0.078125 0.078125
0 0.184375 0.410938 0.050000 0.050000
0 0.401562 0.398438 0.037500 0.037500
0 0.511719 0.899219 0.032813 0.032813
