0 0.549219 0.805469 0.048438 0.048438
0 0.121094 0.436719 0.098437 0.098437
0 0.648438 0.582812 0.031250 0.031250
0 0.717187 0.242188 0.037500 0.037500
0 0.927344 0.950781 0.095312 0.095312
0 0.807813 0.723437 0.084375 0.084375
0 0.412500 0.437500 0.053125 0.053125
0 0.709375 0.912500 0.056250 0.056250
0 0.286719 0.685156 0.048438 0.048438
0 0.953906 0.261719 0.092188 0.092188
0 0.689844 0.499219 0.089063 0.089063
0 0.844531 0.422656 0.070312 0.070312
0 0.745313 0.089063 0.071875 0.071875
0 0.694531 0.666406 0.089063 0.089063
0 0.144531 0.236719 0.045312 0.045312
0 0.659375 0.132812 0.050000 0.050000
