0 0.372656 0.739844 0.092188 0.092188
0 0.097656 0.338281 0.070312 0.070312
0 0.667188 0.517188 0.090625 0.090625
0 0.675000 0.682813 0.087500 0.087500
0 0.583594 0.314844 0.067187 0.067187
0 0.728125 0.185938 0.062500 0.062500
0 0.919531 0.135156 0.054688 0.054688
0 0.525000 0.123438 0.078125 0.078125
0 0.859375 0.812500 0.065625 0.065625
0 0.164062 0.873437 0.071875 0.071875
0 0.101562 0.196875 0.090625 0.090625
0 0.471875 0.942187 0.093750 0.093750
0 0.185938 0.268750 0.056250 0.056250
0 0.096875 0.109375 0.043750 0.043750
0 0.841406 0.439844 0.048438 0.048438
0 0.938281 0.486719 0.079687 0.079687
