0 0.796875 0.820312 0.037500 0.037500
0 0.846094 0.430469 0.076563 0.076563
0 0.085156 0.094531 0.045312 0.045312
0 0.673438 0.898438 0.075000 0.075000
0 0.540625 0.478125 0.034375 0.034375
0 0.702344 0.702344 0.067187 0.067187
0 0.353125 0.389062 0.040625 0.040625
0 0.958594 0.360156 0.051562 0.051562
0 0.853906 0.610156 0.079687 0.079687
0 0.925781 0.702344 0.067187 0.067187
0 0.221094 0.589844 0.032813 0.032813
0 0.290625 0.689063 0.065625 0.065625
0 0.950000 0.942187 0.081250 0.081250
0 0.770312 0.335938 0.053125 0.053125
0 0.078906 0.413281 0.073438 0.073438
0 0.622656 0.099219 0.064062 0.064062
