0 0.306250 0.306250 0.059375 0.059375
0 0.150000 0.581250 0.065625 0.065625
0 0.264844 0.728906 0.076563 0.076563
0 0.791406 0.725781 0.079687 0.079687
0 0.763281 0.467969 0.064062 0.064062
0 0.569531 0.313281 0.089063 0.089063
0 0.461719 0.957031 0.079687 0.079687
0 0.804688 0.521875 0.034375 0.034375
0 0.125781 0.421094 0.051562 0.051562
0 0.235156 0.903906 0.057813 0.057813
0 0.309375 0.596875 0.096875 0.096875
0 0.462500 0.390625 0.065625 0.065625
0 0.238281 0.133594 0.057813 0.057813
0 0.788281 0.860156 0.079687 0.079687
0 0.046875 0.346875 0.046875 0.046875
