0 0.339844 0.317969 0.051562 0.051562
0 0.434375 0.756250 0.093750 0.093750
0 0.464844 0.364844 0.032813 0.032813
0 0.128125 0.039062 0.034375 0.034375
0 0.061719 0.102344 0.067187 0.067187
0 0.837500 0.703125 0.065625 0.065625
0 0.133594 0.247656 0.048438 0.048438
0 0.401562 0.428125 0.040625 0.040625
0 0.925000 0.040625 0.037500 0.037500
0 0.931250 0.650000 0.087500 0.087500
0 0.775781 0.608594 0.082812 0.082812
0 0.922656 0.811719 0.076563 0.076563
0 0.609375 0.889062 0.034375 0.034375
0 0.033594 0.828906 0.042188 0.042188
0 0.734375 0.706250 0.065625 0.065625
0 0.251563 0.920312 0.040625 0.040625
0 0.640625 0.353125 0.084375 0.084375
0 0.914844 0.972656 0.054688 0.054688
0 0.638281 0.769531 0.073438 0.073438
