0 0.911719 0.882031 0.089063 0.089063
0 0.752344 0.371094 0.067187 0.067187
0 0.132031 0.122656 0.039062 0.039062
0 0.117188 0.267188 0.043750 0.043750
0 0.178125 0.578125 0.087500 0.087500
0 0.763281 0.232031 0.079687 0.079687
0 0.406250 0.767188 0.081250 0.081250
0 0.614062 0.523438 0.065625 0.065625
0 0.686719 0.708594 0.070312 0.070312
0 0.533594 0.727344 0.092188 0.092188
0 0.885156 0.152344 0.048438 0.048438
0 0.916406 0.266406 0.051562 0.051562
0 0.639844 0.241406 0.089063 0.089063
0 0.328125 0.246875 0.093750 0.093750
0 0.147656 0.414844 0.054688 0.054688
0 0.428906 0.219531 0.073438 0.073438
0 0.289844 0.578906 0.085938 0.085938
0 0.161719 0.902344 0.029687 0.029687
