0 0.528125 0.679688 0.046875 0.046875
0 0.665625 0.718750 0.056250 0.056250
0 0.560937 0.829688 0.075000 0.075000
0 0.799219 0.485156 0.029687 0.029687
0 0.147656 0.536719 0.073438 0.073438
0 0.668750 0.170313 0.090625 0.090625
0 0.454688 0.735938 0.034375 0.034375
0 0.397656 0.424219 0.082812 0.082812
0 0.075000 0.679688 0.065625 0.065625
0 0.228906 0.541406 0.042188 0.042188
0 0.368750 0.212500 0.078125 0.078125
0 0.071094 0.778906 0.032813 0.032813
0 0.634375 0.328125 0.043750 0.043750
0 0.293750 0.456250 0.037500 0.037500
