0 0.048438 0.104688 0.090625 0.090625
0 0.132031 0.492969 0.076563 0.076563
0 0.429688 0.139063 0.075000 0.075000
0 0.699219 0.130469 0.057813 0.057813
0 0.294531 0.246094 0.032813 0.032813
0 0.665625 0.340625 0.075000 0.075000
0 0.430469 0.308594 0.089063 0.089063
0 0.717969 0.632031 0.057813 0.057813
0 0.434375 0.953125 0.071875 0.071875
0 0.777344 0.413281 0.029687 0.029687
0 0.325781 0.171094 0.073438 0.073438
0 0.903125 0.300000 0.065625 0.065625
0 0.797656 0.686719 0.029687 0.029687
0 0.814063 0.873437 0.081250 0.081250
0 0.235937 0.193750 0.068750 0.068750
0 0.758594 0.160156 0.032813 0.032813
0 0.696875 0.442188 0.037500 0.037500
0 0.338281 0.505469 0.045312 0.045312
0 0.120313 0.195312 0.081250 0.081250
0 0.214062 0.295312 0.084375 0.084375
