0 0.644531 0.357031 0.082812 0.082812
0 0.383594 0.314844 0.085938 0.085938
0 0.296094 0.496094 0.085938 0.085938
0 0.064844 0.391406 0.064062 0.064062
0 0.942187 0.610938 0.056250 0.056250
0 0.880469 0.308594 0.060937 0.060937
0 0.690625 0.609375 0.031250 0.031250
0 0.493750 0.514062 0.084375 0.084375
0 0.307031 0.971094 0.032813 0.032813
0 0.489844 0.299219 0.042188 0.042188
0 0.181250 0.648438 0.043750 0.043750
0 0.629687 0.107813 0.084375 0.084375
0 0.171875 0.854688 0.096875 0.096875
0 0.905469 0.469531 0.098437 0.098437
