0 0.428906 0.338281 0.082812 0.082812
0 0.680469 0.124219 0.092188 0.092188
0 0.577344 0.347656 0.032813 0.032813
0 0.622656 0.547656 0.073438 0.073438
0 0.251563 0.025000 0.043750 0.043750
0 0.149219 0.125781 0.054688 0.054688
0 0.211719 0.092969 0.067187 0.067187
0 0.180469 0.917969 0.045312 0.045312
0 0.206250 0.542188 0.078125 0.078125
0 0.441406 0.833594 0.079687 0.079687
0 0.741406 0.932031 0.085938 0.085938
0 0.397656 0.149219 0.085938 0.085938
0 0.907031 0.544531 0.085938 0.085938
0 0.856250 0.745313 0.075000 0.075000
0 0.647656 0.300781 0.064062 0.064062
0 0.204687 0.725000 0.096875 0.096875
0 0.557031 0.160156 0.092188 0.092188
0 0.770312 0.834375 0.093750 0.093750
