0 0.128125 0.384375 0.037500 0.037500
0 0.542188 0.239063 0.050000 0.050000
0 0.063281 0.188281 0.082812 0.082812
0 0.675781 0.807031 0.082812 0.082812
0 0.547656 0.310156 0.085938 0.085938
0 0.172656 0.899219 0.085938 0.085938
0 0.303906 0.210156 0.042188 0.042188
0 0.536719 0.541406 0.048438 0.048438
0 0.452344 0.735156 0.054688 0.054688
0 0.380469 0.750781 0.076563 0.076563
0 0.202344 0.436719 0.048438 0.048438
0 0.532813 0.806250 0.078125 0.078125
0 0.203125 0.514062 0.068750 0.068750
0 0.387500 0.190625 0.081250 0.081250
0 0.368750 0.940625 0.040625 0.040625
0 0.884375 0.707812 0.071875 0.071875
0 0.026562 0.467187 0.043750 0.043750
