0 0.143750 0.489063 0.034375 0.034375
0 0.941406 0.457031 0.029687 0.029687
0 0.629687 0.470313 0.046875 0.046875
0 0.314844 0.950781 0.064062 0.064062
0 0.712500 0.642188 0.062500 0.062500
0 0.027344 0.217969 0.035937 0.035937
0 0.388281 0.667969 0.076563 0.076563
0 0.170313 0.351562 0.034375 0.034375
0 0.146875 0.784375 0.037500 0.037500
0 0.552344 0.352344 0.079687 0.079687
0 0.878125 0.932813 0.093750 0.093750
0 0.435937 0.865625 0.053125 0.053125
0 0.736719 0.792969 0.051562 0.051562
0 0.744531 0.938281 0.098437 0.098437
0 0.721094 0.313281 0.089063 0.089063
0 0.853125 0.668750 0.071875 0.071875
