0 0.484375 0.353125 0.034375 0.034375
0 0.694531 0.077344 0.051562 0.051562
0 0.619531 0.127344 0.073438 0.073438
0 0.507812 0.720313 0.053125 0.053125
0 0.762500 0.240625 0.071875 0.071875
0 0.686719 0.572656 0.064062 0.064062
0 0.819531 0.327344 0.054688 0.054688
0 0.252344 0.347656 0.070312 0.070312
0 0.422656 0.119531 0.039062 0.039062
0 0.117969 0.046094 0.051562 0.051562
0 0.553125 0.262500 0.053125 0.053125
0 0.060937 0.632812 0.037500 0.037500
0 0.732031 0.669531 0.032813 0.032813
0 0.371094 0.586719 0.051562 0.051562
0 0.188281 0.411719 0.039062 0.039062
0 0.571094 0.396094 0.057813 0.057813
0 0.579688 0.535937 0.065625 0.065625
0 0.830469 0.933594 0.070312 0.070312
0 0.235937 0.757812 0.096875 0.096875
