0 0.415625 0.062500 0.071875 0.071875
0 0.439844 0.482031 0.057813 0.057813
0 0.421875 0.862500 0.090625 0.090625
0 0.890625 0.651563 0.081250 0.081250
0 0.185156 0.242969 0.060937 0.060937
0 0.329688 0.053125 0.043750 0.043750
0 0.962500 0.881250 0.062500 0.062500
0 0.582812 0.721875 0.087500 0.087500
0 0.187500 0.528125 0.075000 0.075000
0 0.618750 0.896875 0.090625 0.090625
0 0.328125 0.354687 0.078125 0.078125
0 0.491406 0.039844 0.029687 0.029687
0 0.379688 0.168750 0.034375 0.034375
0 0.757031 0.458594 0.073438 0.073438
0 0.578125 0.317188 0.093750 0.093750
0 0.939063 0.368750 0.050000 0.050000
0 0.767188 0.067187 0.059375 0.059375
0 0.766406 0.167969 0.082812 0.082812
0 0.976562 0.817187 0.040625 0.040625
0 0.852344 0.741406 0.060937 0.060937
