0 0.110937 0.460938 0.090625 0.090625
0 0.597656 0.919531 0.060937 0.060937
0 0.572656 0.032031 0.032813 0.032813
0 0.709375 0.495312 0.071875 0.071875
0 0.077344 0.266406 0.092188 0.092188
0 0.202344 0.183594 0.057813 0.057813
0 0.725000 0.268750 0.096875 0.096875
0 0.558594 0.469531 0.051562 0.051562
0 0.825000 0.212500 0.090625 0.090625
0 0.704688 0.784375 0.068750 0.068750
0 0.845313 0.070312 0.081250 0.081250
0 0.649219 0.686719 0.051562 0.051562
0 0.216406 0.314844 0.067187 0.067187
0 0.390625 0.262500 0.040625 0.040625
0 0.868750 0.393750 0.050000 0.050000
