0 0.928906 0.558594 0.042188 0.042188
0 0.678125 0.384375 0.096875 0.096875
0 0.917969 0.874219 0.042188 0.042188
0 0.264062 0.417187 0.078125 0.078125
0 0.874219 0.105469 0.067187 0.067187
0 0.400000 0.482812 0.096875 0.096875
0 0.056250 0.195312 0.084375 0.084375
0 0.403906 0.788281 0.089063 0.089063
0 0.660937 0.765625 0.090625 0.090625
0 0.326562 0.245312 0.056250 0.056250
0 0.055469 0.283594 0.073438 0.073438
0 0.301563 0.767188 0.056250 0.056250
0 0.361719 0.689844 0.082812 0.082812
0 0.232813 0.850000 0.046875 0.046875
