0 0.047656 0.494531 0.039062 0.039062
0 0.540625 0.704688 0.068750 0.068750
0 0.932031 0.817969 0.032813 0.032813
0 0.957031 0.739844 0.064062 0.064062
0 0.050781 0.100781 0.057813 0.057813
0 0.653125 0.079687 0.078125 0.078125
0 0.802344 0.678906 0.029687 0.029687
0 0.899219 0.411719 0.060937 0.060937
0 0.204687 0.529687 0.081250 0.081250
0 0.310156 0.205469 0.029687 0.029687
0 0.526563 0.821875 0.043750 0.043750
0 0.876563 0.654687 0.078125 0.078125
0 0.756250 0.392188 0.050000 0.050000
0 0.129688 0.210938 0.093750 0.093750
