0 0.218750 0.614062 0.096875 0.096875
0 0.735938 0.292187 0.050000 0.050000
0 0.586719 0.355469 0.042188 0.042188
0 0.364063 0.209375 0.071875 0.071875
0 0.700781 0.210156 0.076563 0.076563
0 0.646875 0.723437 0.056250 0.056250
0 0.632812 0.292187 0.043750 0.043750
0 0.432031 0.885156 0.073438 0.073438
0 0.489844 0.669531 0.070312 0.070312
0 0.927344 0.427344 0.032813 0.032813
0 0.327344 0.817969 0.082812 0.082812
0 0.520312 0.189062 0.065625 0.065625
0 0.105469 0.374219 0.085938 0.085938
0 0.924219 0.058594 0.098437 0.098437
0 0.035156 0.113281 0.029687 0.029687
