0 0.698438 0.373437 0.087500 0.087500
0 0.074219 0.439844 0.070312 0.070312
0 0.126562 0.759375 0.031250 0.031250
0 0.841406 0.832031 0.042188 0.042188
0 0.506250 0.090625 0.078125 0.078125
0 0.499219 0.355469 0.064062 0.064062
0 0.366406 0.125781 0.042188 0.042188
0 0.307812 0.385937 0.075000 0.075000
0 0.622656 0.199219 0.067187 0.067187
0 0.202344 0.524219 0.064062 0.064062
0 0.279687 0.140625 0.034375 0.034375
0 0.082031 0.236719 0.089063 0.089063
0 0.880469 0.472656 0.073438 0.073438
0 0.454688 0.885938 0.084375 0.084375
0 0.728125 0.453125 0.031250 0.031250
0 0.761719 0.385156 0.029687 0.029687
0 0.382031 0.805469 0.064062 0.064062
0 0.231250 0.273438 0.056250 0.056250
0 0.417187 0.596875 0.040625 0.040625
0 0.145313 0.457813 0.056250 0.056250
