0 0.782813 0.759375 0.031250 0.031250
0 0.871875 0.604688 0.065625 0.065625
0 0.831250 0.435937 0.059375 0.059375
0 0.129688 0.310937 0.068750 0.068750
0 0.136719 0.650781 0.060937 0.060937
0 0.538281 0.464844 0.067187 0.067187
0 0.792188 0.160938 0.071875 0.071875
0 0.917969 0.332031 0.039062 0.039062
0 0.319531 0.044531 0.035937 0.035937
0 0.475781 0.607031 0.032813 0.032813
0 0.188281 0.857031 0.029687 0.029687
0 0.221094 0.400781 0.067187 0.067187
0 0.407813 0.823438 0.093750 0.093750
0 0.977344 0.424219 0.035937 0.035937
0 0.337500 0.389062 0.059375 0.059375
