0 0.786719 0.757031 0.082812 0.082812
0 0.936719 0.611719 0.073438 0.073438
0 0.950000 0.764062 0.090625 0.090625
0 0.556250 0.096875 0.053125 0.053125
0 0.419531 0.635156 0.042188 0.042188
0 0.657031 0.608594 0.060937 0.060937
0 0.359375 0.703125 0.050000 0.050000
0 0.154688 0.789062 0.050000 0.050000
0 0.541406 0.174219 0.045312 0.045312
0 0.424219 0.572656 0.057813 0.057813
0 0.857812 0.268750 0.087500 0.087500
0 0.871875 0.867188 0.087500 0.087500
0 0.342187 0.846875 0.096875 0.096875
0 0.728906 0.421094 0.060937 0.060937
0 0.636719 0.317969 0.098437 0.098437
