0 0.946094 0.460156 0.039062 0.039062
0 0.116406 0.600781 0.070312 0.070312
0 0.375000 0.418750 0.062500 0.062500
0 0.943750 0.362500 0.050000 0.050000
0 0.237500 0.059375 0.096875 0.096875
0 0.759375 0.268750 0.087500 0.087500
0 0.789062 0.459375 0.087500 0.087500
0 0.733594 0.783594 0.051562 0.051562
0 0.701562 0.475000 0.062500 0.062500
0 0.317969 0.297656 0.098437 0.098437
0 0.626563 0.817187 0.093750 0.093750
0 0.095312 0.217188 0.093750 0.093750
0 0.071094 0.777344 0.042188 0.042188
0 0.203906 0.889844 0.082812 0.082812
0 0.525000 0.631250 0.084375 0.084375
0 0.106250 0.118750 0.059375 0.059375
