0 0.123438 0.514062 0.062500 0.062500
0 0.416406 0.552344 0.098437 0.098437
0 0.879687 0.679688 0.062500 0.062500
0 0.230469 0.097656 0.085938 0.085938
0 0.535937 0.475000 0.090625 0.090625
0 0.636719 0.594531 0.098437 0.098437
0 0.426563 0.290625 0.090625 0.090625
0 0.251563 0.750000 0.034375 0.034375
0 0.192188 0.310937 0.078125 0.078125
0 0.684375 0.303125 0.081250 0.081250
0 0.272656 0.596094 0.060937 0.060937
0 0.793750 0.478125 0.087500 0.087500
0 0.057031 0.838281 0.067187 0.067187
0 0.051562 0.464062 0.043750 0.043750
0 0.918750 0.565625 0.043750 0.043750
0 0.360938 0.192188 0.081250 0.081250
0 0.886719 0.166406 0.098437 0.098437
0 0.463281 0.910156 0.076563 0.076563
0 0.799219 0.339844 0.029687 0.029687
