0 0.370312 0.335938 0.056250 0.056250
0 0.971094 0.641406 0.045312 0.045312
0 0.789844 0.413281 0.082812 0.082812
0 0.221094 0.838281 0.048438 0.048438
0 0.467969 0.774219 0.060937 0.060937
0 0.773438 0.554688 0.034375 0.034375
0 0.285156 0.535156 0.045312 0.045312
0 0.827344 0.786719 0.076563 0.076563
0 0.657813 0.762500 0.046875 0.046875
0 0.237500 0.143750 0.071875 0.071875
0 0.142969 0.480469 0.064062 0.064062
0 0.688281 0.144531 0.032813 0.032813
0 0.815625 0.640625 0.062500 0.062500
0 0.606250 0.170313 0.068750 0.068750
0 0.525000 0.784375 0.050000 0.050000
0 0.435156 0.044531 0.029687 0.029687
0 0.653125 0.348438 0.084375 0.084375
0 0.388281 0.577344 0.095312 0.095312
0 0.191406 0.386719 0.051562 0.051562
