0 0.148438 0.485938 0.078125 0.078125
0 0.214844 0.861719 0.064062 0.064062
0 0.839844 0.728906 0.070312 0.070312
0 0.084375 0.076563 0.040625 0.040625
0 0.417187 0.064062 0.090625 0.090625
0 0.830469 0.822656 0.082812 0.082812
0 0.191406 0.333594 0.045312 0.045312
0 0.801562 0.131250 0.040625 0.040625
0 0.688281 0.183594 0.042188 0.042188
0 0.548438 0.760938 0.090625 0.090625
0 0.335938 0.271875 0.059375 0.059375
0 0.378906 0.847656 0.085938 0.085938
0 0.962500 0.689063 0.056250 0.056250
0 0.085938 0.290625 0.062500 0.062500
0 0.084375 0.142187 0.050000 0.050000
0 0.539844 0.222656 0.067187 0.067187
0 0.810156 0.289844 0.045312 0.045312
0 0.804688 0.189062 0.065625 0.065625
0 0.196094 0.383594 0.039062 0.039062
0 0.926562 0.607812 0.087500 0.087500
