0 0.163281 0.922656 0.098437 0.098437
0 0.502344 0.041406 0.067187 0.067187
0 0.896094 0.846094 0.098437 0.098437
0 0.257812 0.971875 0.037500 0.037500
0 0.405469 0.325781 0.029687 0.029687
0 0.115625 0.600000 0.043750 0.043750
0 0.046875 0.343750 0.037500 0.037500
0 0.796875 0.529687 0.059375 0.059375
0 0.961719 0.491406 0.070312 0.070312
0 0.521094 0.244531 0.060937 0.060937
0 0.713281 0.880469 0.085938 0.085938
0 0.850000 0.550000 0.043750 0.043750
0 0.306250 0.945312 0.034375 0.034375
0 0.479687 0.434375 0.093750 0.093750
0 0.032813 0.181250 0.031250 0.031250
0 0.149219 0.117969 0.076563 0.076563
0 0.292187 0.593750 0.059375 0.059375
0 0.335156 0.202344 0.032813 0.032813
0 0.192188 0.515625 0.031250 0.031250
