0 0.121094 0.578906 0.067187 0.067187
0 0.746875 0.600000 0.037500 0.037500
0 0.522656 0.627344 0.064062 0.064062
0 0.485156 0.808594 0.051562 0.051562
0 0.870313 0.589063 0.068750 0.068750
0 0.959375 0.954688 0.053125 0.053125
0 0.205469 0.017969 0.035937 0.035937
0 0.189062 0.626563 0.059375 0.059375
0 0.388281 0.744531 0.070312 0.070312
0 0.429688 0.042188 0.081250 0.081250
0 0.720313 0.456250 0.065625 0.065625
0 0.164062 0.723437 0.053125 0.053125
0 0.076563 0.223438 0.093750 0.093750
0 0.570312 0.239063 0.062500 0.062500
0 0.550000 0.556250 0.056250 0.056250
0 0.654687 0.742188 0.053125 0.053125
