0 0.611719 0.141406 0.048438 0.048438
0 0.529687 0.340625 0.087500 0.087500
0 0.097656 0.597656 0.060937 0.060937
0 0.080469 0.121094 0.032813 0.032813
0 0.677344 0.191406 0.064062 0.064062
0 0.317969 0.397656 0.064062 0.064062
0 0.875000 0.420312 0.093750 0.093750
0 0.237500 0.840625 0.040625 0.040625
0 0.682031 0.307031 0.035937 0.035937
0 0.701562 0.554688 0.093750 0.093750
0 0.484375 0.948438 0.056250 0.056250
0 0.068750 0.489063 0.059375 0.059375
0 0.892969 0.839844 0.085938 0.085938
0 0.508594 0.614844 0.085938 0.085938
0 0.490625 0.443750 0.040625 0.040625
0 0.695312 0.381250 0.053125 0.053125
0 0.150000 0.129688 0.084375 0.084375
0 0.077344 0.407031 0.035937 0.035937
0 0.468750 0.148438 0.040625 0.040625
