0 0.924219 0.875781 0.076563 0.076563
0 0.723437 0.671875 0.046875 0.046875
0 0.195312 0.706250 0.087500 0.087500
0 0.928906 0.628906 0.032813 0.032813
0 0.492969 0.057031 0.079687 0.079687
0 0.436719 0.350781 0.054688 0.054688
0 0.349219 0.525781 0.079687 0.079687
0 0.567187 0.276562 0.059375 0.059375
0 0.174219 0.310156 0.045312 0.045312
0 0.933594 0.091406 0.060937 0.060937
0 0.716406 0.433594 0.070312 0.070312
0 0.562500 0.731250 0.071875 0.071875
0 0.086719 0.749219 0.054688 0.054688
0 0.356250 0.389062 0.059375 0.059375
0 0.123438 0.425000 0.031250 0.031250
0 0.818750 0.904687 0.046875 0.046875
0 0.540625 0.643750 0.056250 0.056250
0 0.657031 0.752344 0.092188 0.092188
0 0.353906 0.639844 0.048438 0.048438
0 0.428125 0.470313 0.053125 0.053125
