0 0.630469 0.330469 0.085938 0.085938
0 0.203125 0.765625 0.090625 0.090625
0 0.892188 0.107813 0.096875 0.096875
0 0.332813 0.032813 0.050000 0.050000
0 0.202344 0.430469 0.098437 0.098437
0 0.678906 0.588281 0.092188 0.092188
0 0.164844 0.944531 0.085938 0.085938
0 0.810156 0.700781 0.048438 0.048438
0 0.380469 0.214844 0.048438 0.048438
0 0.476562 0.653125 0.093750 0.093750
0 0.908594 0.733594 0.045312 0.045312
0 0.619531 0.671094 0.029687 0.029687
0 0.914844 0.571094 0.032813 0.032813
0 0.671094 0.736719 0.076563 0.076563
0 0.629687 0.903125 0.084375 0.084375
0 0.735156 0.457031 0.054688 0.054688
