0 0.250000 0.439063 0.046875 0.046875
0 0.125000 0.778125 0.043750 0.043750
0 0.273438 0.698438 0.078125 0.078125
0 0.530469 0.875781 0.098437 0.098437
0 0.328906 0.938281 0.073438 0.073438
0 0.795312 0.485938 0.096875 0.096875
0 0.689063 0.332813 0.037500 0.037500
0 0.181250 0.146875 0.046875 0.046875
0 0.719531 0.763281 0.035937 0.035937
0 0.587500 0.426563 0.062500 0.062500
0 0.253125 0.145313 0.068750 0.068750
0 0.499219 0.732031 0.079687 0.079687
0 0.975000 0.684375 0.043750 0.043750
0 0.653125 0.295312 0.031250 0.031250
0 0.780469 0.733594 0.051562 0.051562
0 0.073438 0.460938 0.034375 0.034375
0 0.469531 0.052344 0.098437 0.098437
0 0.120313 0.528125 0.075000 0.075000
0 0.592969 0.277344 0.067187 0.067187
