0 0.285156 0.766406 0.032813 0.032813
0 0.635938 0.162500 0.043750 0.043750
0 0.601562 0.320312 0.078125 0.078125
0 0.177344 0.777344 0.029687 0.029687
0 0.051562 0.679688 0.090625 0.090625
0 0.958594 0.274219 0.073438 0.073438
0 0.189062 0.176563 0.071875 0.071875
0 0.457813 0.212500 0.065625 0.065625
0 0.831250 0.704688 0.037500 0.037500
0 0.814063 0.068750 0.084375 0.084375
0 0.474219 0.855469 0.057813 0.057813
0 0.590625 0.107813 0.053125 0.053125
0 0.369531 0.786719 0.073438 0.073438
0 0.104688 0.425000 0.031250 0.031250
0 0.613281 0.210156 0.048438 0.048438
