0 0.496094 0.747656 0.057813 0.057813
0 0.534375 0.184375 0.062500 0.062500
0 0.392969 0.250781 0.085938 0.085938
0 0.167969 0.877344 0.042188 0.042188
0 0.778906 0.097656 0.039062 0.039062
0 0.632031 0.482031 0.032813 0.032813
0 0.568750 0.609375 0.081250 0.081250
0 0.635156 0.178906 0.079687 0.079687
0 0.894531 0.461719 0.076563 0.076563
0 0.944531 0.361719 0.051562 0.051562
0 0.131250 0.432812 0.081250 0.081250
0 0.131250 0.128125 0.084375 0.084375
0 0.144531 0.578906 0.079687 0.079687
0 0.838281 0.878906 0.032813 0.032813
0 0.327344 0.903906 0.092188 0.092188
0 0.045312 0.257812 0.078125 0.078125
