0 0.582812 0.789062 0.043750 0.043750
0 0.718750 0.692187 0.068750 0.068750
0 0.225000 0.378125 0.078125 0.078125
0 0.507031 0.260156 0.048438 0.048438
0 0.159375 0.521875 0.031250 0.031250
0 0.967187 0.654687 0.040625 0.040625
0 0.339844 0.813281 0.085938 0.085938
0 0.861719 0.710156 0.029687 0.029687
0 0.135156 0.250781 0.076563 0.076563
0 0.749219 0.211719 0.082812 0.082812
0 0.803125 0.806250 0.075000 0.075000
0 0.177344 0.627344 0.054688 0.054688
0 0.673438 0.265625 0.031250 0.031250
0 0.693750 0.551562 0.078125 0.078125
0 0.351562 0.693750 0.071875 0.071875
0 0.567187 0.634375 0.087500 0.087500
0 0.431250 0.854688 0.081250 0.081250
0 0.266406 0.532031 0.067187 0.067187
0 0.524219 0.116406 0.089063 0.089063
0 0.145313 0.423438 0.053125 0.053125
