0 0.394531 0.342969 0.045312 0.045312
0 0.288281 0.933594 0.045312 0.045312
0 0.739062 0.873437 0.050000 0.050000
0 0.607031 0.803906 0.054688 0.054688
0 0.386719 0.644531 0.073438 0.073438
0 0.407031 0.524219 0.051562 0.051562
0 0.577344 0.957031 0.079687 0.079687
0 0.325781 0.425781 0.051562 0.051562
0 0.749219 0.266406 0.035937 0.035937
0 0.317969 0.799219 0.095312 0.095312
0 0.367188 0.090625 0.075000 0.075000
0 0.857031 0.588281 0.067187 0.067187
0 0.951562 0.210938 0.053125 0.053125
0 0.953125 0.970313 0.037500 0.037500
0 0.327344 0.235156 0.057813 0.057813
0 0.508594 0.594531 0.089063 0.089063
0 0.428906 0.753906 0.092188 0.092188
0 0.135156 0.567969 0.032813 0.032813
0 0.764062 0.587500 0.056250 0.056250
