0 0.760938 0.248438 0.071875 0.071875
0 0.119531 0.542969 0.076563 0.076563
0 0.727344 0.919531 0.029687 0.029687
0 0.156250 0.406250 0.087500 0.087500
0 0.578906 0.575781 0.057813 0.057813
0 0.132812 0.079687 0.031250 0.031250
0 0.128906 0.299219 0.060937 0.060937
0 0.361719 0.339844 0.035937 0.035937
0 0.589844 0.305469 0.048438 0.048438
0 0.389062 0.387500 0.028125 0.028125
0 0.870313 0.476562 0.046875 0.046875
0 0.115625 0.976562 0.031250 0.031250
0 0.597656 0.946094 0.098437 0.098437
0 0.576562 0.703125 0.081250 0.081250
0 0.186719 0.197656 0.054688 0.054688
