0 0.457813 0.731250 0.087500 0.087500
0 0.064062 0.317188 0.046875 0.046875
0 0.665625 0.535937 0.090625 0.090625
0 0.325781 0.413281 0.082812 0.082812
0 0.121094 0.088281 0.051562 0.051562
0 0.371094 0.796094 0.060937 0.060937
0 0.300781 0.082031 0.064062 0.064062
0 0.842969 0.403906 0.048438 0.048438
0 0.711719 0.200781 0.039062 0.039062
0 0.541406 0.722656 0.057813 0.057813
0 0.925000 0.567187 0.090625 0.090625
0 0.568750 0.618750 0.078125 0.078125
0 0.440625 0.354687 0.050000 0.050000
0 0.362500 0.932813 0.046875 0.046875
0 0.531250 0.787500 0.050000 0.050000
0 0.527344 0.361719 0.048438 0.048438
0 0.948438 0.784375 0.059375 0.059375
0 0.596094 0.335156 0.042188 0.042188
0 0.095312 0.384375 0.081250 0.081250
0 0.700000 0.667188 0.078125 0.078125
