0 0.757031 0.261719 0.089063 0.089063
0 0.739844 0.752344 0.079687 0.079687
0 0.587500 0.115625 0.071875 0.071875
0 0.432812 0.667188 0.031250 0.031250
0 0.090625 0.548438 0.043750 0.043750
0 0.539062 0.835938 0.087500 0.087500
0 0.196094 0.930469 0.073438 0.073438
0 0.717969 0.163281 0.076563 0.076563
0 0.636719 0.221094 0.042188 0.042188
0 0.580469 0.339844 0.082812 0.082812
0 0.379688 0.507812 0.068750 0.068750
0 0.369531 0.682031 0.060937 0.060937
0 0.873437 0.956250 0.081250 0.081250
0 0.911719 0.138281 0.089063 0.089063
0 0.132812 0.200000 0.078125 0.078125
0 0.591406 0.613281 0.095312 0.095312
