0 0.324219 0.280469 0.045312 0.045312
0 0.068750 0.796875 0.037500 0.037500
0 0.960156 0.216406 0.060937 0.060937
0 0.418750 0.868750 0.075000 0.075000
0 0.858594 0.383594 0.035937 0.035937
0 0.516406 0.455469 0.073438 0.073438
0 0.300000 0.425000 0.056250 0.056250
0 0.174219 0.663281 0.064062 0.064062
0 0.489063 0.175000 0.096875 0.096875
0 0.552344 0.696094 0.035937 0.035937
0 0.074219 0.247656 0.035937 0.035937
0 0.847656 0.088281 0.076563 0.076563
0 0.100000 0.925000 0.093750 0.093750
0 0.978125 0.126562 0.043750 0.043750
