0 0.028125 0.884375 0.053125 0.053125
0 0.258594 0.213281 0.079687 0.079687
0 0.458594 0.767969 0.070312 0.070312
0 0.132031 0.355469 0.057813 0.057813
0 0.649219 0.475781 0.089063 0.089063
0 0.232031 0.074219 0.067187 0.067187
0 0.702344 0.308594 0.039062 0.039062
0 0.304688 0.606250 0.071875 0.071875
0 0.038281 0.636719 0.042188 0.042188
0 0.346094 0.353906 0.067187 0.067187
0 0.475000 0.843750 0.046875 0.046875
0 0.889844 0.363281 0.085938 0.085938
0 0.655469 0.930469 0.089063 0.089063
0 0.749219 0.392969 0.095312 0.095312
