0 0.296875 0.215625 0.034375 0.034375
0 0.793750 0.178125 0.037500 0.037500
0 0.735938 0.207813 0.043750 0.043750
0 0.319531 0.388281 0.092188 0.092188
0 0.042188 0.121875 0.081250 0.081250
0 0.490625 0.918750 0.087500 0.087500
0 0.060937 0.451562 0.056250 0.056250
0 0.484375 0.109375 0.056250 0.056250
0 0.186719 0.680469 0.073438 0.073438
0 0.628906 0.389844 0.079687 0.079687
0 0.571875 0.117188 0.053125 0.053125
0 0.058594 0.917969 0.039062 0.039062
0 0.518750 0.243750 0.071875 0.071875
0 0.394531 0.622656 0.042188 0.042188
0 0.842187 0.932813 0.059375 0.059375
0 0.970313 0.067187 0.059375 0.059375
