0 0.153125 0.748437 0.037500 0.037500
0 0.327344 0.078906 0.076563 0.076563
0 0.157031 0.188281 0.067187 0.067187
0 0.849219 0.352344 0.089063 0.089063
0 0.511719 0.111719 0.042188 0.042188
0 0.575000 0.489063 0.093750 0.093750
0 0.529687 0.920312 0.056250 0.056250
0 0.778906 0.038281 0.064062 0.064062
0 0.932813 0.182812 0.059375 0.059375
0 0.797656 0.850781 0.070312 0.070312
0 0.649219 0.636719 0.082812 0.082812
0 0.684375 0.957812 0.043750 0.043750
0 0.567187 0.820312 0.090625 0.090625
0 0.927344 0.092969 0.095312 0.095312
0 0.479687 0.825000 0.059375 0.059375
0 0.524219 0.657031 0.060937 0.060937
0 0.124219 0.244531 0.042188 0.042188
0 0.953125 0.801562 0.081250 0.081250
0 0.889062 0.431250 0.059375 0.059375
0 0.674219 0.316406 0.076563 0.076563
