0 0.168750 0.306250 0.046875 0.046875
0 0.185938 0.151562 0.075000 0.075000
0 0.238281 0.880469 0.060937 0.060937
0 0.061719 0.544531 0.082812 0.082812
0 0.568750 0.587500 0.093750 0.093750
0 0.120313 0.396875 0.062500 0.062500
0 0.757031 0.091406 0.035937 0.035937
0 0.148438 0.557813 0.037500 0.037500
0 0.075000 0.312500 0.068750 0.068750
0 0.789062 0.954688 0.037500 0.037500
0 0.472656 0.514844 0.067187 0.067187
0 0.472656 0.072656 0.060937 0.060937
0 0.475781 0.622656 0.029687 0.029687
0 0.742969 0.164844 0.076563 0.076563
