0 0.760938 0.710938 0.056250 0.056250
0 0.580469 0.880469 0.070312 0.070312
0 0.946094 0.971094 0.042188 0.042188
0 0.734375 0.203125 0.040625 0.040625
0 0.472656 0.585156 0.035937 0.035937
0 0.489844 0.358594 0.089063 0.089063
0 0.148438 0.296875 0.078125 0.078125
0 0.032813 0.371875 0.050000 0.050000
0 0.942187 0.567187 0.046875 0.046875
0 0.739062 0.873437 0.056250 0.056250
0 0.021875 0.587500 0.037500 0.037500
0 0.678906 0.722656 0.032813 0.032813
0 0.167969 0.114844 0.070312 0.070312
0 0.082812 0.903125 0.075000 0.075000
0 0.232813 0.790625 0.071875 0.071875
0 0.917188 0.295312 0.062500 0.062500
0 0.882031 0.858594 0.032813 0.032813
0 0.918750 0.057813 0.084375 0.084375
