0 0.176563 0.043750 0.050000 0.050000
0 0.210938 0.875000 0.053125 0.053125
0 0.819531 0.335156 0.095312 0.095312
0 0.217188 0.400000 0.059375 0.059375
0 0.682031 0.313281 0.082812 0.082812
0 0.453125 0.421875 0.096875 0.096875
0 0.633594 0.400781 0.051562 0.051562
0 0.538281 0.402344 0.032813 0.032813
0 0.693750 0.845313 0.075000 0.075000
0 0.631250 0.065625 0.046875 0.046875
0 0.645312 0.468750 0.043750 0.043750
0 0.419531 0.875781 0.035937 0.035937
0 0.550781 0.653906 0.070312 0.070312
0 0.452344 0.932031 0.035937 0.035937
