0 0.062500 0.601562 0.034375 0.034375
0 0.648438 0.542188 0.053125 0.053125
0 0.492188 0.576562 0.087500 0.087500
0 0.957812 0.773438 0.071875 0.071875
0 0.614062 0.829688 0.096875 0.096875
0 0.834375 0.628125 0.087500 0.087500
0 0.636719 0.644531 0.042188 0.042188
0 0.797656 0.442969 0.095312 0.095312
0 0.307031 0.057031 0.082812 0.082812
0 0.415625 0.628125 0.046875 0.046875
0 0.266406 0.664844 0.070312 0.070312
0 0.951562 0.235937 0.050000 0.050000
0 0.829688 0.510938 0.037500 0.037500
0 0.667969 0.241406 0.029687 0.029687
0 0.722656 0.174219 0.070312 0.070312
0 0.105469 0.824219 0.057813 0.057813
