0 0.345313 0.760938 0.037500 0.037500
0 0.690625 0.260937 0.071875 0.071875
0 0.302344 0.897656 0.089063 0.089063
0 0.205469 0.191406 0.042188 0.042188
0 0.642969 0.699219 0.095312 0.095312
0 0.575781 0.408594 0.073438 0.073438
0 0.096094 0.213281 0.048438 0.048438
0 0.104688 0.837500 0.096875 0.096875
0 0.889844 0.633594 0.089063 0.089063
0 0.507031 0.078906 0.092188 0.092188
0 0.803906 0.047656 0.051562 0.051562
0 0.116406 0.717969 0.060937 0.060937
0 0.189844 0.296094 0.035937 0.035937
0 0.328125 0.676562 0.087500 0.087500
0 0.428125 0.504687 0.059375 0.059375
0 0.186719 0.530469 0.057813 0.057813
0 0.425000 0.600000 0.062500 0.062500
0 0.152344 0.085156 0.092188 0.092188
