0 0.948438 0.406250 0.075000 0.075000
0 0.140625 0.025000 0.034375 0.034375
0 0.555469 0.496094 0.098437 0.098437
0 0.267188 0.151562 0.090625 0.090625
0 0.098437 0.784375 0.065625 0.065625
0 0.656250 0.656250 0.053125 0.053125
0 0.753906 0.663281 0.082812 0.082812
0 0.664062 0.039062 0.071875 0.071875
0 0.552344 0.896094 0.064062 0.064062
0 0.839844 0.541406 0.092188 0.092188
0 0.482031 0.796094 0.070312 0.070312
0 0.203125 0.240625 0.078125 0.078125
0 0.300000 0.517188 0.071875 0.071875
0 0.303125 0.017188 0.034375 0.034375
0 0.381250 0.890625 0.068750 0.068750
