0 0.104688 0.582812 0.062500 0.062500
0 0.865625 0.887500 0.040625 0.040625
0 0.669531 0.127344 0.035937 0.035937
0 0.535937 0.681250 0.050000 0.050000
0 0.489844 0.930469 0.039062 0.039062
0 0.271875 0.231250 0.031250 0.031250
0 0.067187 0.512500 0.031250 0.031250
0 0.219531 0.391406 0.079687 0.079687
0 0.808594 0.128906 0.029687 0.029687
0 0.514062 0.842187 0.043750 0.043750
0 0.469531 0.242969 0.057813 0.057813
0 0.705469 0.499219 0.076563 0.076563
0 0.722656 0.588281 0.079687 0.079687
0 0.645312 0.801562 0.084375 0.084375
0 0.420312 0.642188 0.053125 0.053125
