0 0.835938 0.823438 0.093750 0.093750
0 0.851562 0.718750 0.056250 0.056250
0 0.460156 0.811719 0.045312 0.045312
0 0.725000 0.435937 0.034375 0.034375
0 0.358594 0.941406 0.085938 0.085938
0 0.713281 0.689844 0.095312 0.095312
0 0.525000 0.725000 0.084375 0.084375
0 0.850781 0.488281 0.064062 0.064062
0 0.438281 0.138281 0.032813 0.032813
0 0.877344 0.017969 0.029687 0.029687
0 0.796875 0.214062 0.087500 0.087500
0 0.858594 0.617969 0.095312 0.095312
0 0.939063 0.753125 0.053125 0.053125
0 0.403906 0.705469 0.095312 0.095312
0 0.241406 0.766406 0.042188 0.042188
0 0.510938 0.284375 0.071875 0.071875
0 0.201563 0.206250 0.068750 0.068750
0 0.656250 0.426563 0.034375 0.034375
0 0.527344 0.075781 0.073438 0.073438
