0 0.512500 0.665625 0.056250 0.056250
0 0.517969 0.241406 0.035937 0.035937
0 0.119531 0.771094 0.089063 0.089063
0 0.456250 0.815625 0.040625 0.040625
0 0.272656 0.896094 0.073438 0.073438
0 0.551562 0.831250 0.043750 0.043750
0 0.271094 0.389844 0.048438 0.048438
0 0.678125 0.056250 0.062500 0.062500
0 0.143750 0.650000 0.087500 0.087500
0 0.316406 0.517969 0.076563 0.076563
0 0.442188 0.201563 0.056250 0.056250
0 0.154688 0.401562 0.053125 0.053125
0 0.457813 0.632812 0.034375 0.034375
0 0.201563 0.090625 0.068750 0.068750
0 0.957031 0.299219 0.042188 0.042188
0 0.775781 0.099219 0.092188 0.092188
0 0.902344 0.174219 0.042188 0.042188
