0 0.150781 0.044531 0.035937 0.035937
0 0.083594 0.702344 0.032813 0.032813
0 0.735938 0.779687 0.087500 0.087500
0 0.076563 0.323437 0.050000 0.050000
0 0.425000 0.931250 0.065625 0.065625
0 0.728125 0.656250 0.040625 0.040625
0 0.060937 0.889062 0.040625 0.040625
0 0.586719 0.766406 0.098437 0.098437
0 0.798438 0.121875 0.090625 0.090625
0 0.792969 0.317969 0.029687 0.029687
0 0.098437 0.576562 0.056250 0.056250
0 0.434375 0.537500 0.059375 0.059375
0 0.404687 0.675000 0.062500 0.062500
0 0.078125 0.193750 0.090625 0.090625
0 0.925000 0.728125 0.043750 0.043750
0 0.721875 0.028125 0.040625 0.040625
0 0.528125 0.048438 0.034375 0.034375
0 0.279687 0.576562 0.068750 0.068750
0 0.404687 0.421875 0.096875 0.096875
