0 0.673438 0.395313 0.081250 0.081250
0 0.672656 0.249219 0.032813 0.032813
0 0.812500 0.460938 0.053125 0.053125
0 0.496094 0.157031 0.054688 0.054688
0 0.141406 0.824219 0.073438 0.073438
0 0.272656 0.563281 0.048438 0.048438
0 0.553906 0.602344 0.042188 0.042188
0 0.352344 0.182031 0.079687 0.079687
0 0.063281 0.471094 0.092188 0.092188
0 0.614062 0.104688 0.065625 0.065625
0 0.173437 0.071875 0.059375 0.059375
0 0.964844 0.283594 0.032813 0.032813
0 0.914844 0.507031 0.048438 0.048438
0 0.279687 0.903125 0.050000 0.050000
0 0.778125 0.957812 0.056250 0.056250
0 0.819531 0.377344 0.054688 0.054688
0 0.422656 0.763281 0.076563 0.076563
0 0.507812 0.621875 0.040625 0.040625
0 0.514062 0.412500 0.096875 0.096875
