0 0.762500 0.125000 0.096875 0.096875
0 0.371875 0.437500 0.059375 0.059375
0 0.846094 0.761719 0.073438 0.073438
0 0.553125 0.725000 0.034375 0.034375
0 0.593750 0.610938 0.081250 0.081250
0 0.876563 0.295312 0.053125 0.053125
0 0.117188 0.864062 0.034375 0.034375
0 0.778125 0.567187 0.050000 0.050000
0 0.956250 0.731250 0.034375 0.034375
0 0.742969 0.285156 0.076563 0.076563
0 0.672656 0.450781 0.089063 0.089063
0 0.331250 0.662500 0.040625 0.040625
0 0.814844 0.221094 0.032813 0.032813
0 0.741406 0.760156 0.076563 0.076563
