0 0.094531 0.189844 0.045312 0.045312
0 0.689063 0.200000 0.081250 0.081250
0 0.961719 0.213281 0.039062 0.039062
0 0.765625 0.140625 0.031250 0.031250
0 0.456250 0.250000 0.087500 0.087500
0 0.694531 0.828906 0.070312 0.070312
0 0.800781 0.939844 0.029687 0.029687
0 0.370312 0.264062 0.046875 0.046875
0 0.888281 0.522656 0.073438 0.073438
0 0.364063 0.979688 0.034375 0.034375
0 0.927344 0.885156 0.064062 0.064062
0 0.582031 0.057031 0.035937 0.035937
0 0.238281 0.528906 0.098437 0.098437
0 0.804688 0.442188 0.062500 0.062500
0 0.129688 0.709375 0.053125 0.053125
0 0.732812 0.900000 0.050000 0.050000
0 0.621875 0.567187 0.084375 0.084375
