0 0.242969 0.057031 0.035937 0.035937
0 0.371875 0.185938 0.062500 0.062500
0 0.527344 0.730469 0.048438 0.048438
0 0.762500 0.195312 0.081250 0.081250
0 0.757812 0.290625 0.078125 0.078125
0 0.778906 0.896094 0.048438 0.048438
0 0.190625 0.631250 0.087500 0.087500
0 0.445312 0.542188 0.087500 0.087500
0 0.543750 0.598437 0.090625 0.090625
0 0.965625 0.642188 0.056250 0.056250
0 0.310937 0.464062 0.050000 0.050000
0 0.161719 0.447656 0.029687 0.029687
0 0.513281 0.836719 0.051562 0.051562
0 0.163281 0.766406 0.048438 0.048438
0 0.316406 0.942969 0.089063 0.089063
0 0.179688 0.153125 0.084375 0.084375
0 0.470313 0.389062 0.056250 0.056250
0 0.467969 0.060156 0.082812 0.082812
