0 0.685156 0.888281 0.045312 0.045312
0 0.826562 0.901563 0.090625 0.090625
0 0.228125 0.812500 0.037500 0.037500
0 0.122656 0.466406 0.098437 0.098437
0 0.096875 0.168750 0.043750 0.043750
0 0.662500 0.553125 0.093750 0.093750
0 0.606250 0.198437 0.062500 0.062500
0 0.807031 0.378906 0.035937 0.035937
0 0.394531 0.611719 0.089063 0.089063
0 0.327344 0.478906 0.092188 0.092188
0 0.211719 0.407031 0.076563 0.076563
0 0.900781 0.303906 0.035937 0.035937
0 0.771875 0.196875 0.081250 0.081250
0 0.544531 0.752344 0.070312 0.070312
0 0.883594 0.789844 0.042188 0.042188
0 0.134375 0.229687 0.043750 0.043750
0 0.650781 0.083594 0.035937 0.035937
0 0.665625 0.454688 0.059375 0.059375
0 0.142187 0.759375 0.065625 0.065625
0 0.181250 0.646875 0.090625 0.090625
