0 0.908594 0.275781 0.045312 0.045312
0 0.452344 0.430469 0.082812 0.082812
0 0.661719 0.827344 0.095312 0.095312
0 0.367969 0.817969 0.098437 0.098437
0 0.410156 0.107031 0.045312 0.045312
0 0.638281 0.941406 0.082812 0.082812
0 0.686719 0.099219 0.079687 0.079687
0 0.446094 0.027344 0.048438 0.048438
0 0.168750 0.807813 0.087500 0.087500
0 0.529687 0.337500 0.084375 0.084375
0 0.171094 0.083594 0.057813 0.057813
0 0.252344 0.688281 0.039062 0.039062
0 0.250781 0.371094 0.095312 0.095312
0 0.904687 0.765625 0.071875 0.071875
0 0.871875 0.400000 0.031250 0.031250
0 0.052344 0.589844 0.039062 0.039062
0 0.163281 0.591406 0.095312 0.095312
