0 0.546875 0.395313 0.068750 0.068750
0 0.265625 0.853125 0.056250 0.056250
0 0.633594 0.911719 0.054688 0.054688
0 0.959375 0.856250 0.059375 0.059375
0 0.146875 0.882812 0.056250 0.056250
0 0.650781 0.244531 0.098437 0.098437
0 0.285156 0.772656 0.098437 0.098437
0 0.047656 0.749219 0.085938 0.085938
0 0.146094 0.228906 0.048438 0.048438
0 0.326562 0.064062 0.071875 0.071875
0 0.890625 0.579688 0.037500 0.037500
0 0.265625 0.215625 0.034375 0.034375
0 0.433594 0.833594 0.060937 0.060937
0 0.129688 0.431250 0.034375 0.034375
0 0.603906 0.485156 0.067187 0.067187
0 0.451562 0.054688 0.071875 0.071875
0 0.843750 0.426563 0.046875 0.046875
