0 0.830469 0.735156 0.029687 0.029687
0 0.473438 0.298438 0.059375 0.059375
0 0.293750 0.495312 0.062500 0.062500
0 0.345313 0.629687 0.071875 0.071875
0 0.645312 0.460938 0.065625 0.065625
0 0.427344 0.130469 0.098437 0.098437
0 0.150781 0.453906 0.076563 0.076563
0 0.853906 0.469531 0.039062 0.039062
0 0.466406 0.528906 0.064062 0.064062
0 0.712500 0.814063 0.037500 0.037500
0 0.052344 0.327344 0.089063 0.089063
0 0.932031 0.764844 0.045312 0.045312
0 0.883594 0.683594 0.054688 0.054688
0 0.241406 0.102344 0.095312 0.095312
