0 0.888281 0.767969 0.079687 0.079687
0 0.483594 0.333594 0.060937 0.060937
0 0.621094 0.096094 0.073438 0.073438
0 0.918750 0.478125 0.084375 0.084375
0 0.089063 0.106250 0.078125 0.078125
0 0.081250 0.829688 0.046875 0.046875
0 0.144531 0.717969 0.095312 0.095312
0 0.457031 0.836719 0.070312 0.070312
0 0.820312 0.154688 0.081250 0.081250
0 0.273438 0.446875 0.093750 0.093750
0 0.782813 0.257812 0.056250 0.056250
0 0.248438 0.884375 0.053125 0.053125
0 0.538281 0.142969 0.048438 0.048438
0 0.770312 0.070312 0.043750 0.043750
0 0.362500 0.728125 0.090625 0.090625
0 0.347656 0.117969 0.042188 0.042188
0 0.337500 0.617188 0.065625 0.065625
0 0.634375 0.339062 0.081250 0.081250
