0 0.507031 0.183594 0.092188 0.092188
0 0.929688 0.760938 0.081250 0.081250
0 0.147656 0.672656 0.079687 0.079687
0 0.317969 0.086719 0.079687 0.079687
0 0.059375 0.629687 0.034375 0.034375
0 0.638281 0.797656 0.079687 0.079687
0 0.328125 0.354687 0.071875 0.071875
0 0.291406 0.886719 0.048438 0.048438
0 0.304688 0.495312 0.053125 0.053125
0 0.232031 0.236719 0.048438 0.048438
0 0.325000 0.240625 0.040625 0.040625
0 0.440625 0.065625 0.062500 0.062500
0 0.966406 0.314844 0.032813 0.032813
0 0.201563 0.743750 0.040625 0.040625
0 0.942969 0.374219 0.035937 0.035937
0 0.713281 0.816406 0.064062 0.064062
