0 0.082812 0.717187 0.050000 0.050000
0 0.467187 0.937500 0.093750 0.093750
0 0.407031 0.666406 0.032813 0.032813
0 0.668750 0.248438 0.043750 0.043750
0 0.655469 0.435156 0.048438 0.048438
0 0.776563 0.190625 0.084375 0.084375
0 0.153906 0.666406 0.076563 0.076563
0 0.602344 0.700781 0.076563 0.076563
0 0.517188 0.281250 0.037500 0.037500
0 0.366406 0.507031 0.067187 0.067187
0 0.375000 0.835938 0.078125 0.078125
0 0.810156 0.594531 0.095312 0.095312
0 0.600781 0.842969 0.029687 0.029687
0 0.160156 0.875781 0.076563 0.076563
0 0.306250 0.045312 0.078125 0.078125
