0 0.963281 0.064844 0.039062 0.039062
0 0.505469 0.425781 0.060937 0.060937
0 0.215625 0.850000 0.093750 0.093750
0 0.333594 0.728906 0.060937 0.060937
0 0.892969 0.058594 0.095312 0.095312
0 0.954688 0.614062 0.034375 0.034375
0 0.914844 0.450781 0.060937 0.060937
0 0.618750 0.903125 0.084375 0.084375
0 0.196094 0.083594 0.042188 0.042188
0 0.739844 0.882031 0.076563 0.076563
0 0.286719 0.372656 0.070312 0.070312
0 0.722656 0.553906 0.039062 0.039062
0 0.482031 0.711719 0.057813 0.057813
0 0.096094 0.080469 0.045312 0.045312
