0 0.690625 0.214062 0.053125 0.053125
0 0.383594 0.352344 0.073438 0.073438
0 0.208594 0.886719 0.092188 0.092188
0 0.660156 0.605469 0.064062 0.064062
0 0.119531 0.464844 0.073438 0.073438
0 0.085156 0.753906 0.095312 0.095312
0 0.808594 0.474219 0.035937 0.035937
0 0.829688 0.673438 0.062500 0.062500
0 0.623437 0.403125 0.053125 0.053125
0 0.932031 0.041406 0.035937 0.035937
0 0.916406 0.202344 0.089063 0.089063
0 0.504687 0.509375 0.081250 0.081250
0 0.862500 0.770312 0.043750 0.043750
0 0.665625 0.945312 0.034375 0.034375
0 0.440625 0.932813 0.093750 0.093750
