0 0.657813 0.548438 0.096875 0.096875
0 0.575000 0.803125 0.050000 0.050000
0 0.665625 0.385937 0.056250 0.056250
0 0.164062 0.945312 0.037500 0.037500
0 0.364844 0.460156 0.054688 0.054688
0 0.892969 0.436719 0.082812 0.082812
0 0.171094 0.042969 0.035937 0.035937
0 0.148438 0.573438 0.037500 0.037500
0 0.878125 0.304688 0.084375 0.084375
0 0.567187 0.714063 0.056250 0.056250
0 0.266406 0.380469 0.067187 0.067187
0 0.488281 0.039844 0.060937 0.060937
0 0.163281 0.208594 0.035937 0.035937
0 0.381250 0.593750 0.096875 0.096875
