0 0.830469 0.471094 0.095312 0.095312
0 0.960938 0.734375 0.050000 0.050000
0 0.135937 0.789062 0.046875 0.046875
0 0.512500 0.445312 0.062500 0.062500
0 0.698438 0.057813 0.096875 0.096875
0 0.125781 0.375781 0.057813 0.057813
0 0.207813 0.418750 0.062500 0.062500
0 0.273438 0.684375 0.056250 0.056250
0 0.366406 0.874219 0.051562 0.051562
0 0.516406 0.592969 0.082812 0.082812
0 0.293750 0.270313 0.093750 0.093750
0 0.104688 0.209375 0.034375 0.034375
0 0.757812 0.910937 0.090625 0.090625
0 0.049219 0.938281 0.092188 0.092188
0 0.464844 0.377344 0.029687 0.029687
0 0.390625 0.621875 0.078125 0.078125
0 0.639062 0.185938 0.081250 0.081250
