0 0.536719 0.941406 0.076563 0.076563
0 0.296094 0.782031 0.089063 0.089063
0 0.360156 0.674219 0.048438 0.048438
0 0.071094 0.591406 0.095312 0.095312
0 0.782031 0.152344 0.098437 0.098437
0 0.245312 0.476562 0.093750 0.093750
0 0.917969 0.103906 0.045312 0.045312
0 0.646094 0.788281 0.064062 0.064062
0 0.439063 0.260937 0.087500 0.087500
0 0.683594 0.477344 0.098437 0.098437
0 0.579688 0.075000 0.090625 0.090625
0 0.847656 0.311719 0.051562 0.051562
0 0.378125 0.965625 0.040625 0.040625
0 0.060937 0.804688 0.043750 0.043750
0 0.296875 0.109375 0.078125 0.078125
0 0.217969 0.272656 0.048438 0.048438
0 0.608594 0.900781 0.039062 0.039062
0 0.212500 0.810937 0.037500 0.037500
