0 0.749219 0.869531 0.051562 0.051562
0 0.363281 0.166406 0.085938 0.085938
0 0.036719 0.738281 0.045312 0.045312
0 0.732812 0.068750 0.037500 0.037500
0 0.131250 0.064062 0.037500 0.037500
0 0.641406 0.280469 0.098437 0.098437
0 0.721875 0.360938 0.050000 0.050000
0 0.789062 0.965625 0.040625 0.040625
0 0.531250 0.123438 0.071875 0.071875
0 0.282031 0.302344 0.042188 0.042188
0 0.077344 0.575781 0.082812 0.082812
0 0.590625 0.440625 0.090625 0.090625
0 0.412500 0.318750 0.084375 0.084375
0 0.206250 0.618750 0.093750 0.093750
0 0.364063 0.414062 0.096875 0.096875
0 0.321094 0.663281 0.060937 0.060937
0 0.931250 0.342187 0.053125 0.053125
