0 0.475781 0.835156 0.073438 0.073438
0 0.366406 0.499219 0.079687 0.079687
0 0.094531 0.058594 0.070312 0.070312
0 0.300781 0.055469 0.070312 0.070312
0 0.878906 0.028906 0.045312 0.045312
0 0.210156 0.828906 0.051562 0.051562
0 0.289844 0.666406 0.098437 0.098437
0 0.054688 0.415625 0.078125 0.078125
0 0.277344 0.255469 0.029687 0.029687
0 0.357812 0.850000 0.071875 0.071875
0 0.698438 0.554688 0.031250 0.031250
0 0.789062 0.525000 0.090625 0.090625
0 0.543750 0.307812 0.034375 0.034375
0 0.765625 0.675000 0.096875 0.096875
0 0.530469 0.767969 0.057813 0.057813
