0 0.235156 0.530469 0.039062 0.039062
0 0.503906 0.400781 0.092188 0.092188
0 0.339844 0.036719 0.073438 0.073438
0 0.845313 0.304688 0.078125 0.078125
0 0.185938 0.085938 0.065625 0.065625
0 0.185938 0.475000 0.068750 0.068750
0 0.105469 0.289844 0.029687 0.029687
0 0.835156 0.480469 0.089063 0.089063
0 0.084375 0.689063 0.075000 0.075000
0 0.630469 0.744531 0.039062 0.039062
0 0.941406 0.111719 0.054688 0.054688
0 0.184375 0.637500 0.043750 0.043750
0 0.266406 0.875781 0.035937 0.035937
0 0.586719 0.416406 0.032813 0.032813
0 0.656250 0.035937 0.037500 0.037500
0 0.440625 0.295312 0.081250 0.081250
0 0.786719 0.700781 0.092188 0.092188
0 0.464062 0.120313 0.068750 0.068750
