0 0.081250 0.170313 0.050000 0.050000
0 0.503906 0.100781 0.032813 0.032813
0 0.492188 0.281250 0.096875 0.096875
0 0.433594 0.517969 0.045312 0.045312
0 0.830469 0.555469 0.054688 0.054688
0 0.587500 0.103125 0.084375 0.084375
0 0.617969 0.607031 0.098437 0.098437
0 0.360938 0.584375 0.093750 0.093750
0 0.499219 0.203906 0.042188 0.042188
0 0.771875 0.218750 0.071875 0.071875
0 0.953125 0.506250 0.050000 0.050000
0 0.485156 0.888281 0.073438 0.073438
0 0.560156 0.789844 0.067187 0.067187
0 0.162500 0.792188 0.059375 0.059375
