0 0.733594 0.703906 0.070312 0.070312
0 0.057813 0.514062 0.081250 0.081250
0 0.749219 0.139844 0.079687 0.079687
0 0.549219 0.794531 0.057813 0.057813
0 0.424219 0.286719 0.045312 0.045312
0 0.387500 0.581250 0.087500 0.087500
0 0.947656 0.971094 0.032813 0.032813
0 0.049219 0.422656 0.067187 0.067187
0 0.514844 0.449219 0.057813 0.057813
0 0.627344 0.028906 0.029687 0.029687
0 0.257812 0.803125 0.081250 0.081250
0 0.633594 0.517969 0.051562 0.051562
0 0.901563 0.510938 0.096875 0.096875
0 0.214844 0.558594 0.089063 0.089063
0 0.735938 0.314063 0.068750 0.068750
0 0.489063 0.096875 0.078125 0.078125
0 0.963281 0.330469 0.057813 0.057813
