0 0.515625 0.485938 0.090625 0.090625
0 0.185156 0.594531 0.054688 0.054688
0 0.028906 0.271094 0.054688 0.054688
0 0.586719 0.658594 0.085938 0.085938
0 0.193750 0.390625 0.078125 0.078125
0 0.770312 0.837500 0.090625 0.090625
0 0.522656 0.114844 0.057813 0.057813
0 0.850781 0.289844 0.095312 0.095312
0 0.413281 0.171094 0.098437 0.098437
0 0.342187 0.289062 0.084375 0.084375
0 0.219531 0.188281 0.095312 0.095312
0 0.328906 0.369531 0.057813 0.057813
0 0.657813 0.950000 0.065625 0.065625
0 0.700781 0.524219 0.039062 0.039062
0 0.653906 0.352344 0.045312 0.045312
0 0.467187 0.676562 0.062500 0.062500
0 0.066406 0.557031 0.060937 0.060937
0 0.830469 0.053906 0.089063 0.089063
0 0.546094 0.253906 0.092188 0.092188
0 0.425781 0.422656 0.035937 0.035937
