0 0.941406 0.267969 0.089063 0.089063
0 0.642188 0.146875 0.081250 0.081250
0 0.147656 0.222656 0.048438 0.048438
0 0.631250 0.734375 0.059375 0.059375
0 0.577344 0.619531 0.089063 0.089063
0 0.731250 0.101562 0.084375 0.084375
0 0.707031 0.921094 0.073438 0.073438
0 0.161719 0.302344 0.039062 0.039062
0 0.566406 0.938281 0.073438 0.073438
0 0.263281 0.271094 0.064062 0.064062
0 0.253125 0.818750 0.078125 0.078125
0 0.722656 0.547656 0.085938 0.085938
0 0.314844 0.472656 0.064062 0.064062
0 0.583594 0.824219 0.035937 0.035937
0 0.743750 0.256250 0.081250 0.081250
0 0.069531 0.835156 0.082812 0.082812
