0 0.253906 0.871094 0.067187 0.067187
0 0.085938 0.217188 0.043750 0.043750
0 0.656250 0.279687 0.068750 0.068750
0 0.178125 0.737500 0.078125 0.078125
0 0.117969 0.021094 0.032813 0.032813
0 0.928125 0.296875 0.078125 0.078125
0 0.849219 0.230469 0.048438 0.048438
0 0.196094 0.452344 0.060937 0.060937
0 0.679688 0.217188 0.034375 0.034375
0 0.557813 0.600000 0.053125 0.053125
0 0.740625 0.960938 0.056250 0.056250
0 0.510156 0.352344 0.082812 0.082812
0 0.867969 0.060156 0.085938 0.085938
0 0.528906 0.944531 0.051562 0.051562
0 0.973437 0.582812 0.043750 0.043750
0 0.542188 0.775000 0.040625 0.040625
0 0.082031 0.099219 0.079687 0.079687
0 0.670312 0.381250 0.084375 0.084375
0 0.760938 0.860938 0.062500 0.062500
0 0.071875 0.676562 0.093750 0.093750
