0 0.703125 0.220312 0.068750 0.068750
0 0.213281 0.316406 0.048438 0.048438
0 0.353125 0.354687 0.093750 0.093750
0 0.493750 0.850000 0.096875 0.096875
0 0.460156 0.478906 0.067187 0.067187
0 0.804688 0.396875 0.043750 0.043750
0 0.953125 0.809375 0.071875 0.071875
0 0.221094 0.558594 0.089063 0.089063
0 0.418750 0.932813 0.034375 0.034375
0 0.553906 0.246094 0.076563 0.076563
0 0.872656 0.457031 0.029687 0.029687
0 0.946875 0.557813 0.040625 0.040625
0 0.078125 0.801562 0.043750 0.043750
0 0.633594 0.035156 0.060937 0.060937
0 0.668750 0.351562 0.071875 0.071875
0 0.354687 0.951562 0.065625 0.065625
0 0.059375 0.671875 0.046875 0.046875
0 0.815625 0.289062 0.081250 0.081250
0 0.420312 0.112500 0.046875 0.046875
