0 0.835156 0.089844 0.035937 0.035937
0 0.046094 0.919531 0.048438 0.048438
0 0.835156 0.839844 0.039062 0.039062
0 0.486719 0.649219 0.070312 0.070312
0 0.764062 0.653125 0.087500 0.087500
0 0.640625 0.860938 0.034375 0.034375
0 0.504687 0.559375 0.040625 0.040625
0 0.747656 0.888281 0.079687 0.079687
0 0.362500 0.640625 0.065625 0.065625
0 0.775781 0.169531 0.064062 0.064062
0 0.613281 0.925781 0.029687 0.029687
0 0.858594 0.683594 0.070312 0.070312
0 0.091406 0.383594 0.064062 0.064062
0 0.723437 0.451562 0.090625 0.090625
0 0.315625 0.457813 0.071875 0.071875
0 0.067187 0.073438 0.068750 0.068750
