0 0.608594 0.480469 0.067187 0.067187
0 0.953906 0.152344 0.089063 0.089063
0 0.341406 0.358594 0.057813 0.057813
0 0.827344 0.944531 0.073438 0.073438
0 0.771875 0.506250 0.078125 0.078125
0 0.512500 0.160938 0.084375 0.084375
0 0.166406 0.600781 0.057813 0.057813
0 0.710938 0.126562 0.031250 0.031250
0 0.449219 0.278906 0.039062 0.039062
0 0.117969 0.830469 0.076563 0.076563
0 0.264062 0.270313 0.040625 0.040625
0 0.839844 0.117969 0.079687 0.079687
0 0.074219 0.174219 0.082812 0.082812
0 0.232813 0.048438 0.084375 0.084375
0 0.719531 0.042969 0.082812 0.082812
0 0.251563 0.485938 0.090625 0.090625
