0 0.389844 0.867969 0.064062 0.064062
0 0.410938 0.318750 0.040625 0.040625
0 0.348438 0.509375 0.053125 0.053125
0 0.073438 0.823438 0.034375 0.034375
0 0.244531 0.503906 0.054688 0.054688
0 0.308594 0.205469 0.029687 0.029687
0 0.253906 0.386719 0.070312 0.070312
0 0.685156 0.941406 0.085938 0.085938
0 0.428906 0.189844 0.035937 0.035937
0 0.677344 0.344531 0.039062 0.039062
0 0.951562 0.703125 0.056250 0.056250
0 0.553125 0.340625 0.040625 0.040625
0 0.198437 0.184375 0.075000 0.075000
0 0.876563 0.179688 0.062500 0.062500
