0 0.502344 0.289844 0.079687 0.079687
0 0.675781 0.074219 0.054688 0.054688
0 0.121094 0.432031 0.039062 0.039062
0 0.476562 0.229687 0.037500 0.037500
0 0.846094 0.900781 0.079687 0.079687
0 0.069531 0.925781 0.070312 0.070312
0 0.348438 0.718750 0.034375 0.034375
0 0.615625 0.859375 0.081250 0.081250
0 0.346875 0.431250 0.090625 0.090625
0 0.467187 0.454688 0.050000 0.050000
0 0.136719 0.963281 0.054688 0.054688
0 0.360938 0.867188 0.075000 0.075000
0 0.821094 0.786719 0.085938 0.085938
0 0.847656 0.324219 0.092188 0.092188
0 0.305469 0.246094 0.054688 0.054688
