0 0.765625 0.076563 0.081250 0.081250
0 0.112500 0.078125 0.050000 0.050000
0 0.843750 0.896875 0.084375 0.084375
0 0.732031 0.297656 0.035937 0.035937
0 0.747656 0.180469 0.048438 0.048438
0 0.433594 0.667969 0.070312 0.070312
0 0.382031 0.836719 0.073438 0.073438
0 0.661719 0.538281 0.035937 0.035937
0 0.536719 0.963281 0.051562 0.051562
0 0.467187 0.473438 0.071875 0.071875
0 0.267969 0.316406 0.060937 0.060937
0 0.758594 0.532031 0.076563 0.076563
0 0.865625 0.801562 0.046875 0.046875
0 0.371875 0.592187 0.053125 0.053125
