0 0.183594 0.467969 0.073438 0.073438
0 0.085938 0.412500 0.096875 0.096875
0 0.620313 0.034375 0.043750 0.043750
0 0.907031 0.294531 0.067187 0.067187
0 0.265625 0.070312 0.037500 0.037500
0 0.430469 0.280469 0.032813 0.032813
0 0.229687 0.156250 0.087500 0.087500
0 0.748437 0.743750 0.031250 0.031250
0 0.818750 0.698438 0.081250 0.081250
0 0.135156 0.583594 0.079687 0.079687
0 0.840625 0.804688 0.034375 0.034375
0 0.700781 0.947656 0.079687 0.079687
0 0.128125 0.173437 0.084375 0.084375
0 0.632812 0.129688 0.081250 0.081250
0 0.387500 0.350000 0.040625 0.040625
