0 0.678125 0.565625 0.090625 0.090625
0 0.107031 0.392969 0.029687 0.029687
0 0.313281 0.514844 0.057813 0.057813
0 0.605469 0.402344 0.089063 0.089063
0 0.423438 0.187500 0.071875 0.071875
0 0.307812 0.712500 0.050000 0.050000
0 0.457813 0.800000 0.084375 0.084375
0 0.896094 0.208594 0.032813 0.032813
0 0.060156 0.564844 0.085938 0.085938
0 0.583594 0.535156 0.070312 0.070312
0 0.591406 0.752344 0.082812 0.082812
0 0.446094 0.108594 0.048438 0.048438
0 0.264062 0.881250 0.043750 0.043750
0 0.539062 0.054688 0.068750 0.068750
