0 0.103125 0.362500 0.075000 0.075000
0 0.073438 0.607812 0.078125 0.078125
0 0.865625 0.146875 0.031250 0.031250
0 0.885156 0.875781 0.082812 0.082812
0 0.790625 0.043750 0.075000 0.075000
0 0.364063 0.618750 0.096875 0.096875
0 0.913281 0.074219 0.076563 0.076563
0 0.310937 0.350000 0.053125 0.053125
0 0.731250 0.532813 0.037500 0.037500
0 0.526563 0.482812 0.062500 0.062500
0 0.191406 0.522656 0.098437 0.098437
0 0.521875 0.287500 0.062500 0.062500
0 0.586719 0.630469 0.070312 0.070312
0 0.495312 0.842187 0.056250 0.056250
0 0.656250 0.767188 0.090625 0.090625
0 0.892969 0.747656 0.064062 0.064062
0 0.715625 0.159375 0.062500 0.062500
0 0.822656 0.417969 0.060937 0.060937
