0 0.211719 0.385156 0.035937 0.035937
0 0.852344 0.103906 0.092188 0.092188
0 0.352344 0.886719 0.073438 0.073438
0 0.642188 0.546875 0.087500 0.087500
0 0.874219 0.842969 0.042188 0.042188
0 0.199219 0.266406 0.042188 0.042188
0 0.189844 0.616406 0.073438 0.073438
0 0.126562 0.746875 0.059375 0.059375
0 0.750000 0.610938 0.031250 0.031250
0 0.956250 0.887500 0.050000 0.050000
0 0.073438 0.248438 0.056250 0.056250
0 0.802344 0.200781 0.082812 0.082812
0 0.089844 0.866406 0.054688 0.054688
0 0.647656 0.721094 0.057813 0.057813
0 0.604688 0.239063 0.093750 0.093750
0 0.781250 0.814063 0.078125 0.078125
0 0.101562 0.329688 0.037500 0.037500
0 0.200781 0.892969 0.079687 0.079687
0 0.689844 0.630469 0.064062 0.064062
