0 0.864844 0.524219 0.060937 0.060937
0 0.941406 0.967969 0.048438 0.048438
0 0.352344 0.467969 0.092188 0.092188
0 0.793750 0.345313 0.043750 0.043750
0 0.378906 0.110156 0.082812 0.082812
0 0.300781 0.636719 0.070312 0.070312
0 0.503125 0.826562 0.087500 0.087500
0 0.711719 0.650781 0.042188 0.042188
0 0.644531 0.858594 0.067187 0.067187
0 0.623437 0.728125 0.046875 0.046875
0 0.919531 0.607031 0.076563 0.076563
0 0.816406 0.883594 0.067187 0.067187
0 0.209375 0.890625 0.090625 0.090625
0 0.160938 0.721875 0.087500 0.087500
0 0.375000 0.345313 0.034375 0.034375
0 0.895312 0.081250 0.040625 0.040625
