0 0.834375 0.739062 0.053125 0.053125
0 0.440625 0.100000 0.071875 0.071875
0 0.406250 0.175000 0.065625 0.065625
0 0.771094 0.558594 0.079687 0.079687
0 0.245312 0.267188 0.071875 0.071875
0 0.655469 0.541406 0.073438 0.073438
0 0.060937 0.837500 0.037500 0.037500
0 0.168750 0.737500 0.075000 0.075000
0 0.292187 0.721875 0.081250 0.081250
0 0.742188 0.970313 0.040625 0.040625
0 0.963281 0.769531 0.054688 0.054688
0 0.800781 0.414844 0.060937 0.060937
0 0.690625 0.695312 0.087500 0.087500
0 0.056250 0.300000 0.081250 0.081250
0 0.055469 0.544531 0.060937 0.060937
0 0.347656 0.508594 0.079687 0.079687
0 0.479687 0.950000 0.087500 0.087500
0 0.626563 0.389062 0.075000 0.075000
