0 0.417187 0.054688 0.040625 0.040625
0 0.183594 0.405469 0.039062 0.039062
0 0.783594 0.897656 0.085938 0.085938
0 0.484375 0.751563 0.093750 0.093750
0 0.253125 0.678125 0.043750 0.043750
0 0.487500 0.093750 0.096875 0.096875
0 0.100000 0.068750 0.031250 0.031250
0 0.070312 0.948438 0.031250 0.031250
0 0.431250 0.259375 0.068750 0.068750
0 0.574219 0.435156 0.076563 0.076563
0 0.758594 0.569531 0.076563 0.076563
0 0.384375 0.345313 0.068750 0.068750
0 0.918750 0.171875 0.071875 0.071875
0 0.142187 0.325000 0.068750 0.068750
0 0.803906 0.797656 0.079687 0.079687
0 0.227344 0.242969 0.076563 0.076563
0 0.352344 0.908594 0.073438 0.073438
0 0.474219 0.366406 0.067187 0.067187
