0 0.296094 0.399219 0.057813 0.057813
0 0.474219 0.513281 0.051562 0.051562
0 0.300000 0.148438 0.071875 0.071875
0 0.342969 0.244531 0.057813 0.057813
0 0.311719 0.530469 0.039062 0.039062
0 0.233594 0.128906 0.051562 0.051562
0 0.359375 0.928125 0.040625 0.040625
0 0.196875 0.470313 0.068750 0.068750
0 0.916406 0.871094 0.064062 0.064062
0 0.939844 0.680469 0.051562 0.051562
0 0.114062 0.153125 0.059375 0.059375
0 0.624219 0.108594 0.079687 0.079687
0 0.111719 0.313281 0.085938 0.085938
0 0.090625 0.420312 0.096875 0.096875
0 0.425000 0.881250 0.075000 0.075000
0 0.896094 0.480469 0.051562 0.051562
0 0.822656 0.752344 0.085938 0.085938
0 0.853906 0.647656 0.070312 0.070312
