0 0.493750 0.578125 0.087500 0.087500
0 0.604688 0.842187 0.081250 0.081250
0 0.607031 0.303906 0.092188 0.092188
0 0.470313 0.378125 0.040625 0.040625
0 0.268750 0.637500 0.068750 0.068750
0 0.948438 0.520312 0.059375 0.059375
0 0.115625 0.889062 0.059375 0.059375
0 0.565625 0.168750 0.053125 0.053125
0 0.406250 0.685937 0.037500 0.037500
0 0.244531 0.132031 0.079687 0.079687
0 0.077344 0.300781 0.045312 0.045312
0 0.797656 0.089844 0.057813 0.057813
0 0.370312 0.757812 0.037500 0.037500
0 0.790625 0.296875 0.084375 0.084375
0 0.942187 0.707812 0.081250 0.081250
