0 0.646875 0.385937 0.090625 0.090625
0 0.564063 0.201563 0.090625 0.090625
0 0.229687 0.771875 0.037500 0.037500
0 0.441406 0.425781 0.076563 0.076563
0 0.246094 0.610156 0.032813 0.032813
0 0.931250 0.400000 0.062500 0.062500
0 0.575000 0.800000 0.093750 0.093750
0 0.618750 0.553125 0.043750 0.043750
0 0.227344 0.897656 0.085938 0.085938
0 0.262500 0.550000 0.031250 0.031250
0 0.660156 0.044531 0.045312 0.045312
0 0.700000 0.668750 0.084375 0.084375
0 0.404687 0.567187 0.065625 0.065625
0 0.959375 0.635938 0.062500 0.062500
0 0.507812 0.671875 0.031250 0.031250
0 0.087500 0.634375 0.050000 0.050000
