0 0.948438 0.457813 0.050000 0.050000
0 0.571875 0.054688 0.093750 0.093750
0 0.557031 0.742969 0.057813 0.057813
0 0.712500 0.773438 0.031250 0.031250
0 0.927344 0.700781 0.051562 0.051562
0 0.092969 0.305469 0.085938 0.085938
0 0.038281 0.450781 0.070312 0.070312
0 0.607031 0.513281 0.029687 0.029687
0 0.574219 0.275781 0.054688 0.054688
0 0.476562 0.906250 0.043750 0.043750
0 0.202344 0.264844 0.045312 0.045312
0 0.342969 0.652344 0.073438 0.073438
0 0.108594 0.422656 0.054688 0.054688
0 0.186719 0.063281 0.092188 0.092188
0 0.510938 0.521875 0.096875 0.096875
0 0.322656 0.750781 0.054688 0.054688
0 0.188281 0.719531 0.042188 0.042188
0 0.109375 0.776563 0.078125 0.078125
0 0.017188 0.378125 0.034375 0.034375
