0 0.200781 0.344531 0.073438 0.073438
0 0.694531 0.272656 0.051562 0.051562
0 0.532813 0.246875 0.043750 0.043750
0 0.194531 0.564844 0.032813 0.032813
0 0.777344 0.489844 0.076563 0.076563
0 0.633594 0.635156 0.060937 0.060937
0 0.252344 0.777344 0.064062 0.064062
0 0.792969 0.646094 0.039062 0.039062
0 0.077344 0.488281 0.054688 0.054688
0 0.692187 0.817187 0.078125 0.078125
0 0.963281 0.939844 0.035937 0.035937
0 0.257031 0.200781 0.029687 0.029687
0 0.625781 0.403906 0.089063 0.089063
0 0.835156 0.746094 0.076563 0.076563
