0 0.952344 0.733594 0.082812 0.082812
0 0.771094 0.488281 0.098437 0.098437
0 0.309375 0.767188 0.056250 0.056250
0 0.717187 0.707812 0.075000 0.075000
0 0.678125 0.384375 0.053125 0.053125
0 0.901563 0.604688 0.071875 0.071875
0 0.410938 0.731250 0.040625 0.040625
0 0.510156 0.436719 0.076563 0.076563
0 0.813281 0.325781 0.070312 0.070312
0 0.442969 0.655469 0.048438 0.048438
0 0.589844 0.332031 0.045312 0.045312
0 0.140625 0.906250 0.062500 0.062500
0 0.083594 0.630469 0.095312 0.095312
0 0.487500 0.543750 0.053125 0.053125
0 0.628125 0.764062 0.043750 0.043750
