0 0.108594 0.811719 0.082812 0.082812
0 0.282031 0.357031 0.029687 0.029687
0 0.045312 0.951562 0.043750 0.043750
0 0.831250 0.654687 0.084375 0.084375
0 0.614844 0.546094 0.085938 0.085938
0 0.178125 0.967187 0.056250 0.056250
0 0.346094 0.330469 0.082812 0.082812
0 0.474219 0.389844 0.042188 0.042188
0 0.757031 0.930469 0.079687 0.079687
0 0.483594 0.199219 0.079687 0.079687
0 0.781250 0.190625 0.090625 0.090625
0 0.356250 0.726562 0.037500 0.037500
0 0.635156 0.807031 0.082812 0.082812
0 0.570312 0.196875 0.078125 0.078125
0 0.279687 0.785937 0.087500 0.087500
0 0.513281 0.788281 0.082812 0.082812
0 0.901563 0.418750 0.065625 0.065625
0 0.240625 0.223438 0.040625 0.040625
