0 0.257031 0.221094 0.092188 0.092188
0 0.642188 0.201563 0.090625 0.090625
0 0.810937 0.798438 0.075000 0.075000
0 0.871875 0.651563 0.093750 0.093750
0 0.071875 0.801562 0.059375 0.059375
0 0.437500 0.579688 0.062500 0.062500
0 0.718750 0.778125 0.071875 0.071875
0 0.153906 0.599219 0.039062 0.039062
0 0.520312 0.579688 0.075000 0.075000
0 0.514062 0.706250 0.075000 0.075000
0 0.742188 0.490625 0.068750 0.068750
0 0.752344 0.339844 0.057813 0.057813
0 0.392969 0.264844 0.032813 0.032813
0 0.152344 0.114844 0.079687 0.079687
0 0.817969 0.738281 0.039062 0.039062
0 0.643750 0.679688 0.046875 0.046875
0 0.747656 0.838281 0.045312 0.045312
