0 0.889844 0.642969 0.070312 0.070312
0 0.312500 0.879687 0.065625 0.065625
0 0.285938 0.971875 0.040625 0.040625
0 0.019531 0.858594 0.035937 0.035937
0 0.697656 0.699219 0.064062 0.064062
0 0.502344 0.367969 0.032813 0.032813
0 0.767969 0.036719 0.042188 0.042188
0 0.358594 0.421094 0.067187 0.067187
0 0.117969 0.105469 0.051562 0.051562
0 0.590625 0.404687 0.056250 0.056250
0 0.326562 0.323437 0.087500 0.087500
0 0.376563 0.670312 0.040625 0.040625
0 0.245312 0.659375 0.031250 0.031250
0 0.891406 0.291406 0.082812 0.082812
0 0.135156 0.955469 0.048438 0.048438
