0 0.277344 0.180469 0.073438 0.073438
0 0.646094 0.867969 0.032813 0.032813
0 0.367969 0.555469 0.098437 0.098437
0 0.915625 0.553125 0.031250 0.031250
0 0.263281 0.963281 0.070312 0.070312
0 0.560937 0.368750 0.078125 0.078125
0 0.723437 0.509375 0.096875 0.096875
0 0.663281 0.924219 0.073438 0.073438
0 0.816406 0.732031 0.076563 0.076563
0 0.875781 0.644531 0.032813 0.032813
0 0.196094 0.163281 0.045312 0.045312
0 0.529687 0.160938 0.090625 0.090625
0 0.828125 0.459375 0.062500 0.062500
0 0.107031 0.491406 0.042188 0.042188
0 0.428125 0.275000 0.093750 0.093750
0 0.223438 0.340625 0.068750 0.068750
0 0.689844 0.638281 0.092188 0.092188
0 0.482812 0.662500 0.034375 0.034375
0 0.289844 0.261719 0.060937 0.060937
