0 0.959375 0.735938 0.062500 0.062500
0 0.036719 0.853906 0.048438 0.048438
0 0.645312 0.821875 0.068750 0.068750
0 0.657813 0.081250 0.075000 0.075000
0 0.891406 0.103906 0.098437 0.098437
0 0.217188 0.173437 0.075000 0.075000
0 0.975781 0.194531 0.035937 0.035937
0 0.635938 0.421875 0.081250 0.081250
0 0.471094 0.807031 0.098437 0.098437
0 0.221094 0.389844 0.092188 0.092188
0 0.038281 0.182031 0.073438 0.073438
0 0.347656 0.061719 0.070312 0.070312
0 0.467187 0.398438 0.043750 0.043750
0 0.775781 0.466406 0.067187 0.067187
0 0.321094 0.911719 0.079687 0.079687
