0 0.548438 0.592187 0.034375 0.034375
0 0.245312 0.714063 0.031250 0.031250
0 0.275000 0.751563 0.037500 0.037500
0 0.865625 0.475000 0.096875 0.096875
0 0.493750 0.193750 0.078125 0.078125
0 0.691406 0.469531 0.057813 0.057813
0 0.619531 0.274219 0.089063 0.089063
0 0.953906 0.325781 0.035937 0.035937
0 0.950781 0.705469 0.045312 0.045312
0 0.546094 0.044531 0.029687 0.029687
0 0.485938 0.067187 0.053125 0.053125
0 0.422656 0.838281 0.057813 0.057813
0 0.930469 0.146094 0.085938 0.085938
0 0.782031 0.839844 0.082812 0.082812
0 0.653125 0.540625 0.065625 0.065625
0 0.188281 0.360156 0.029687 0.029687
