0 0.124219 0.661719 0.070312 0.070312
0 0.645312 0.356250 0.075000 0.075000
0 0.054688 0.129688 0.037500 0.037500
0 0.148438 0.746875 0.065625 0.065625
0 0.193750 0.464062 0.037500 0.037500
0 0.150000 0.415625 0.031250 0.031250
0 0.435156 0.633594 0.089063 0.089063
0 0.357031 0.944531 0.095312 0.095312
0 0.042969 0.449219 0.060937 0.060937
0 0.797656 0.178906 0.098437 0.098437
0 0.739844 0.572656 0.029687 0.029687
0 0.806250 0.104688 0.034375 0.034375
0 0.227344 0.191406 0.057813 0.057813
0 0.842969 0.333594 0.076563 0.076563
0 0.623437 0.615625 0.046875 0.046875
0 0.661719 0.041406 0.054688 0.054688
