0 0.305469 0.341406 0.073438 0.073438
0 0.643750 0.589063 0.043750 0.043750
0 0.550000 0.060937 0.037500 0.037500
0 0.587500 0.490625 0.068750 0.068750
0 0.311719 0.632031 0.092188 0.092188
0 0.765625 0.732812 0.037500 0.037500
0 0.627344 0.250781 0.035937 0.035937
0 0.482812 0.546875 0.037500 0.037500
0 0.175000 0.059375 0.075000 0.075000
0 0.194531 0.641406 0.076563 0.076563
0 0.492188 0.665625 0.043750 0.043750
0 0.472656 0.442969 0.076563 0.076563
0 0.828906 0.097656 0.076563 0.076563
0 0.125781 0.664844 0.054688 0.054688
0 0.374219 0.521094 0.082812 0.082812
