0 0.052344 0.591406 0.035937 0.035937
0 0.723437 0.843750 0.081250 0.081250
0 0.435937 0.665625 0.065625 0.065625
0 0.708594 0.957031 0.085938 0.085938
0 0.150781 0.444531 0.042188 0.042188
0 0.347656 0.117969 0.051562 0.051562
0 0.178906 0.713281 0.060937 0.060937
0 0.742969 0.546094 0.098437 0.098437
0 0.547656 0.607031 0.089063 0.089063
0 0.093750 0.285938 0.043750 0.043750
0 0.064062 0.895312 0.096875 0.096875
0 0.586719 0.191406 0.095312 0.095312
0 0.206250 0.079687 0.081250 0.081250
0 0.490625 0.518750 0.062500 0.062500
0 0.512500 0.921875 0.096875 0.096875
0 0.228906 0.538281 0.035937 0.035937
0 0.537500 0.795312 0.040625 0.040625
0 0.829688 0.573438 0.031250 0.031250
0 0.234375 0.871875 0.087500 0.087500
