0 0.347656 0.347656 0.073438 0.073438
0 0.940625 0.431250 0.053125 0.053125
0 0.205469 0.682031 0.060937 0.060937
0 0.761719 0.786719 0.054688 0.054688
0 0.644531 0.414844 0.051562 0.051562
0 0.553125 0.498437 0.071875 0.071875
0 0.792969 0.307031 0.095312 0.095312
0 0.546875 0.042188 0.040625 0.040625
0 0.203125 0.848437 0.059375 0.059375
0 0.625000 0.506250 0.031250 0.031250
0 0.460156 0.297656 0.054688 0.054688
0 0.881250 0.810937 0.050000 0.050000
0 0.589063 0.600000 0.053125 0.053125
0 0.283594 0.172656 0.060937 0.060937
0 0.534375 0.765625 0.062500 0.062500
0 0.152344 0.696094 0.032813 0.032813
