0 0.277344 0.300781 0.095312 0.095312
0 0.746094 0.344531 0.095312 0.095312
0 0.082031 0.511719 0.060937 0.060937
0 0.829688 0.317188 0.068750 0.068750
0 0.915625 0.506250 0.090625 0.090625
0 0.667969 0.503906 0.070312 0.070312
0 0.583594 0.277344 0.048438 0.048438
0 0.525000 0.373437 0.087500 0.087500
0 0.370312 0.093750 0.075000 0.075000
0 0.908594 0.944531 0.079687 0.079687
0 0.456250 0.668750 0.040625 0.040625
0 0.750781 0.253906 0.064062 0.064062
0 0.135937 0.914062 0.087500 0.087500
0 0.505469 0.477344 0.070312 0.070312
0 0.242188 0.704688 0.056250 0.056250
0 0.643750 0.570312 0.034375 0.034375
0 0.058594 0.166406 0.039062 0.039062
0 0.407031 0.244531 0.085938 0.085938
0 0.156250 0.390625 0.034375 0.034375
