0 0.710938 0.582812 0.040625 0.040625
0 0.835938 0.696875 0.056250 0.056250
0 0.379688 0.935937 0.071875 0.071875
0 0.849219 0.788281 0.067187 0.067187
0 0.463281 0.646094 0.073438 0.073438
0 0.478125 0.767188 0.065625 0.065625
0 0.249219 0.546094 0.048438 0.048438
0 0.083594 0.583594 0.051562 0.051562
0 0.171094 0.557031 0.042188 0.042188
0 0.920312 0.437500 0.053125 0.053125
0 0.360938 0.368750 0.093750 0.093750
0 0.177344 0.864844 0.048438 0.048438
0 0.675000 0.162500 0.053125 0.053125
0 0.428906 0.430469 0.032813 0.032813
0 0.786719 0.149219 0.079687 0.079687
0 0.645312 0.928125 0.071875 0.071875
