0 0.673438 0.117188 0.046875 0.046875
0 0.127344 0.813281 0.073438 0.073438
0 0.798438 0.162500 0.071875 0.071875
0 0.466406 0.303906 0.098437 0.098437
0 0.800781 0.771094 0.035937 0.035937
0 0.640625 0.393750 0.084375 0.084375
0 0.778906 0.294531 0.082812 0.082812
0 0.260156 0.410156 0.060937 0.060937
0 0.413281 0.141406 0.032813 0.032813
0 0.251563 0.481250 0.037500 0.037500
0 0.249219 0.163281 0.060937 0.060937
0 0.420312 0.842187 0.068750 0.068750
0 0.283594 0.286719 0.089063 0.089063
0 0.119531 0.105469 0.045312 0.045312
0 0.941406 0.817969 0.079687 0.079687
0 0.657031 0.688281 0.057813 0.057813
0 0.790625 0.835938 0.031250 0.031250
0 0.584375 0.723437 0.056250 0.056250
0 0.185938 0.659375 0.065625 0.065625
0 0.635938 0.596875 0.068750 0.068750
