0 0.415625 0.662500 0.071875 0.071875
0 0.750781 0.480469 0.076563 0.076563
0 0.158594 0.235156 0.070312 0.070312
0 0.230469 0.811719 0.045312 0.045312
0 0.761719 0.664844 0.032813 0.032813
0 0.786719 0.227344 0.095312 0.095312
0 0.121094 0.739844 0.095312 0.095312
0 0.373437 0.739062 0.046875 0.046875
0 0.945312 0.793750 0.090625 0.090625
0 0.944531 0.464844 0.076563 0.076563
0 0.438281 0.382031 0.060937 0.060937
0 0.421094 0.566406 0.060937 0.060937
0 0.343750 0.831250 0.043750 0.043750
0 0.224219 0.117969 0.045312 0.045312
0 0.655469 0.807031 0.057813 0.057813
