0 0.617188 0.782813 0.046875 0.046875
0 0.139844 0.269531 0.060937 0.060937
0 0.360938 0.182812 0.056250 0.056250
0 0.835156 0.833594 0.035937 0.035937
0 0.769531 0.461719 0.085938 0.085938
0 0.231250 0.539062 0.078125 0.078125
0 0.933594 0.925781 0.095312 0.095312
0 0.341406 0.844531 0.035937 0.035937
0 0.257812 0.632812 0.043750 0.043750
0 0.356250 0.792188 0.062500 0.062500
0 0.935156 0.622656 0.095312 0.095312
0 0.581250 0.675000 0.081250 0.081250
0 0.942187 0.029687 0.037500 0.037500
0 0.100781 0.799219 0.045312 0.045312
