0 0.597656 0.867969 0.076563 0.076563
0 0.092969 0.205469 0.057813 0.057813
0 0.439844 0.182031 0.060937 0.060937
0 0.219531 0.819531 0.092188 0.092188
0 0.956250 0.712500 0.056250 0.056250
0 0.515625 0.579688 0.050000 0.050000
0 0.584375 0.425000 0.087500 0.087500
0 0.339844 0.257031 0.073438 0.073438
0 0.439844 0.927344 0.039062 0.039062
0 0.717187 0.053125 0.068750 0.068750
0 0.043750 0.071875 0.053125 0.053125
0 0.384375 0.087500 0.050000 0.050000
0 0.232813 0.287500 0.081250 0.081250
0 0.867969 0.224219 0.079687 0.079687
0 0.542188 0.192188 0.034375 0.034375
