0 0.089063 0.760938 0.053125 0.053125
0 0.383594 0.357031 0.042188 0.042188
0 0.681250 0.067187 0.096875 0.096875
0 0.512500 0.281250 0.078125 0.078125
0 0.752344 0.286719 0.076563 0.076563
0 0.662500 0.139063 0.031250 0.031250
0 0.836719 0.789844 0.051562 0.051562
0 0.348438 0.653125 0.056250 0.056250
0 0.896875 0.310937 0.093750 0.093750
0 0.550781 0.427344 0.045312 0.045312
0 0.139844 0.130469 0.067187 0.067187
0 0.142187 0.206250 0.062500 0.062500
0 0.960938 0.800000 0.031250 0.031250
0 0.169531 0.663281 0.079687 0.079687
