0 0.768750 0.329688 0.034375 0.034375
0 0.762500 0.251563 0.078125 0.078125
0 0.448437 0.018750 0.037500 0.037500
0 0.192188 0.600000 0.050000 0.050000
0 0.385937 0.290625 0.031250 0.031250
0 0.493750 0.614062 0.053125 0.053125
0 0.820312 0.606250 0.096875 0.096875
0 0.554688 0.075000 0.043750 0.043750
0 0.073438 0.537500 0.040625 0.040625
0 0.721094 0.852344 0.039062 0.039062
0 0.361719 0.158594 0.057813 0.057813
0 0.232031 0.166406 0.048438 0.048438
0 0.650781 0.905469 0.054688 0.054688
0 0.610156 0.178906 0.079687 0.079687
0 0.237500 0.414062 0.053125 0.053125
0 0.841406 0.732031 0.064062 0.064062
0 0.342187 0.465625 0.071875 0.071875
0 0.278125 0.639062 0.068750 0.068750
