0 0.255469 0.103906 0.048438 0.048438
0 0.855469 0.742969 0.064062 0.064062
0 0.204687 0.037500 0.071875 0.071875
0 0.377344 0.361719 0.064062 0.064062
0 0.967969 0.194531 0.039062 0.039062
0 0.865625 0.829688 0.093750 0.093750
0 0.388281 0.933594 0.042188 0.042188
0 0.549219 0.963281 0.042188 0.042188
0 0.221875 0.193750 0.046875 0.046875
0 0.414062 0.831250 0.062500 0.062500
0 0.554688 0.098437 0.037500 0.037500
0 0.606250 0.551562 0.050000 0.050000
0 0.688281 0.672656 0.073438 0.073438
0 0.681250 0.859375 0.084375 0.084375
0 0.113281 0.269531 0.054688 0.054688
0 0.503906 0.450781 0.032813 0.032813
0 0.809375 0.510938 0.075000 0.075000
