0 0.312500 0.340625 0.031250 0.031250
0 0.711719 0.225781 0.060937 0.060937
0 0.726562 0.712500 0.056250 0.056250
0 0.881250 0.325000 0.081250 0.081250
0 0.559375 0.054688 0.050000 0.050000
0 0.264844 0.642969 0.089063 0.089063
0 0.746094 0.566406 0.042188 0.042188
0 0.115625 0.784375 0.078125 0.078125
0 0.265625 0.131250 0.096875 0.096875
0 0.483594 0.061719 0.076563 0.076563
0 0.629687 0.484375 0.065625 0.065625
0 0.403125 0.676562 0.043750 0.043750
0 0.389062 0.318750 0.084375 0.084375
0 0.346875 0.548438 0.087500 0.087500
0 0.089063 0.115625 0.059375 0.059375
