0 0.575781 0.635156 0.048438 0.048438
0 0.452344 0.344531 0.095312 0.095312
0 0.596094 0.924219 0.057813 0.057813
0 0.703125 0.365625 0.090625 0.090625
0 0.282813 0.298438 0.081250 0.081250
0 0.064062 0.565625 0.062500 0.062500
0 0.945312 0.220312 0.053125 0.053125
0 0.217969 0.730469 0.057813 0.057813
0 0.260156 0.877344 0.051562 0.051562
0 0.127344 0.947656 0.089063 0.089063
0 0.416406 0.082031 0.051562 0.051562
0 0.842187 0.031250 0.056250 0.056250
0 0.085938 0.828125 0.056250 0.056250
0 0.629687 0.592187 0.031250 0.031250
0 0.130469 0.696094 0.048438 0.048438
