0 0.072656 0.838281 0.029687 0.029687
0 0.257031 0.786719 0.060937 0.060937
0 0.265625 0.132812 0.059375 0.059375
0 0.441406 0.772656 0.054688 0.054688
0 0.824219 0.842969 0.079687 0.079687
0 0.905469 0.186719 0.098437 0.098437
0 0.666406 0.535156 0.054688 0.054688
0 0.497656 0.636719 0.042188 0.042188
0 0.417187 0.943750 0.056250 0.056250
0 0.363281 0.383594 0.092188 0.092188
0 0.493750 0.490625 0.065625 0.065625
0 0.911719 0.708594 0.054688 0.054688
0 0.703125 0.293750 0.081250 0.081250
0 0.447656 0.880469 0.064062 0.064062
0 0.746094 0.916406 0.035937 0.035937
0 0.471094 0.305469 0.064062 0.064062
