0 0.575000 0.373437 0.081250 0.081250
0 0.223438 0.676562 0.093750 0.093750
0 0.428125 0.715625 0.037500 0.037500
0 0.867969 0.185156 0.079687 0.079687
0 0.468750 0.167187 0.062500 0.062500
0 0.256250 0.040625 0.050000 0.050000
0 0.962500 0.959375 0.065625 0.065625
0 0.910156 0.111719 0.045312 0.045312
0 0.639844 0.586719 0.048438 0.048438
0 0.567187 0.156250 0.046875 0.046875
0 0.178125 0.426563 0.096875 0.096875
0 0.683594 0.688281 0.039062 0.039062
0 0.238281 0.871094 0.032813 0.032813
0 0.701562 0.292187 0.034375 0.034375
0 0.271094 0.202344 0.089063 0.089063
0 0.416406 0.557031 0.082812 0.082812
0 0.866406 0.678906 0.089063 0.089063
0 0.514062 0.687500 0.031250 0.031250
0 0.772656 0.435156 0.045312 0.045312
