0 0.300000 0.293750 0.031250 0.031250
0 0.303906 0.030469 0.032813 0.032813
0 0.882031 0.113281 0.032813 0.032813
0 0.027344 0.925781 0.054688 0.054688
0 0.267969 0.813281 0.057813 0.057813
0 0.132031 0.075781 0.045312 0.045312
0 0.954688 0.260937 0.062500 0.062500
0 0.592969 0.544531 0.092188 0.092188
0 0.437500 0.389062 0.093750 0.093750
0 0.522656 0.152344 0.070312 0.070312
0 0.664062 0.782813 0.043750 0.043750
0 0.178906 0.930469 0.064062 0.064062
0 0.314063 0.429688 0.068750 0.068750
0 0.603906 0.286719 0.039062 0.039062
