0 0.803906 0.735156 0.073438 0.073438
0 0.332813 0.723437 0.087500 0.087500
0 0.847656 0.164844 0.064062 0.064062
0 0.121094 0.910156 0.076563 0.076563
0 0.683594 0.735156 0.064062 0.064062
0 0.557031 0.474219 0.039062 0.039062
0 0.794531 0.264844 0.085938 0.085938
0 0.446094 0.188281 0.064062 0.064062
0 0.334375 0.268750 0.059375 0.059375
0 0.926562 0.214062 0.075000 0.075000
0 0.742188 0.154688 0.056250 0.056250
0 0.956250 0.439063 0.071875 0.071875
0 0.711719 0.344531 0.064062 0.064062
0 0.355469 0.946094 0.032813 0.032813
0 0.206250 0.640625 0.040625 0.040625
0 0.857812 0.862500 0.053125 0.053125
0 0.925781 0.047656 0.079687 0.079687
0 0.181250 0.481250 0.062500 0.062500
0 0.596094 0.335156 0.089063 0.089063
