0 0.582812 0.707812 0.084375 0.084375
0 0.285156 0.402344 0.079687 0.079687
0 0.210156 0.827344 0.029687 0.029687
0 0.479687 0.834375 0.050000 0.050000
0 0.788281 0.758594 0.029687 0.029687
0 0.647656 0.436719 0.092188 0.092188
0 0.177344 0.419531 0.067187 0.067187
0 0.764844 0.816406 0.082812 0.082812
0 0.240625 0.873437 0.031250 0.031250
0 0.434375 0.737500 0.037500 0.037500
0 0.345313 0.818750 0.065625 0.065625
0 0.657813 0.020313 0.031250 0.031250
0 0.533594 0.233594 0.064062 0.064062
0 0.108594 0.960156 0.054688 0.054688
0 0.272656 0.171094 0.042188 0.042188
0 0.449219 0.246094 0.060937 0.060937
0 0.848437 0.384375 0.075000 0.075000
0 0.516406 0.686719 0.042188 0.042188
0 0.850781 0.832031 0.035937 0.035937
0 0.837500 0.160938 0.090625 0.090625
