0 0.743750 0.320312 0.062500 0.062500
0 0.558594 0.903906 0.057813 0.057813
0 0.917188 0.092188 0.078125 0.078125
0 0.417187 0.832812 0.065625 0.065625
0 0.809375 0.596875 0.075000 0.075000
0 0.045312 0.075000 0.068750 0.068750
0 0.137500 0.873437 0.081250 0.081250
0 0.591406 0.399219 0.057813 0.057813
0 0.345313 0.193750 0.034375 0.034375
0 0.438281 0.747656 0.032813 0.032813
0 0.715625 0.703125 0.062500 0.062500
0 0.457813 0.150000 0.040625 0.040625
0 0.951562 0.835938 0.043750 0.043750
0 0.678125 0.584375 0.096875 0.096875
0 0.971875 0.910937 0.056250 0.056250
0 0.280469 0.761719 0.032813 0.032813
0 0.341406 0.872656 0.039062 0.039062
0 0.707031 0.902344 0.082812 0.082812
