0 0.167969 0.472656 0.060937 0.060937
0 0.389844 0.447656 0.054688 0.054688
0 0.551562 0.412500 0.068750 0.068750
0 0.766406 0.241406 0.079687 0.079687
0 0.781250 0.718750 0.062500 0.062500
0 0.353906 0.057031 0.070312 0.070312
0 0.850781 0.411719 0.082812 0.082812
0 0.962500 0.534375 0.065625 0.065625
0 0.157812 0.651563 0.059375 0.059375
0 0.563281 0.608594 0.089063 0.089063
0 0.114844 0.571094 0.067187 0.067187
0 0.760156 0.891406 0.032813 0.032813
0 0.853125 0.207813 0.075000 0.075000
0 0.432031 0.577344 0.035937 0.035937
0 0.742188 0.085938 0.034375 0.034375
0 0.207813 0.295312 0.059375 0.059375
