0 0.919531 0.600781 0.082812 0.082812
0 0.311719 0.719531 0.057813 0.057813
0 0.280469 0.378906 0.042188 0.042188
0 0.298438 0.507812 0.090625 0.090625
0 0.269531 0.088281 0.089063 0.089063
0 0.623437 0.267188 0.065625 0.065625
0 0.473438 0.192188 0.078125 0.078125
0 0.173437 0.425000 0.043750 0.043750
0 0.835938 0.876563 0.053125 0.053125
0 0.792969 0.121094 0.029687 0.029687
0 0.478125 0.317188 0.084375 0.084375
0 0.587500 0.931250 0.046875 0.046875
0 0.611719 0.582031 0.039062 0.039062
0 0.446875 0.860938 0.059375 0.059375
0 0.332031 0.821094 0.029687 0.029687
