0 0.341406 0.864844 0.032813 0.032813
0 0.496094 0.402344 0.089063 0.089063
0 0.143750 0.245312 0.090625 0.090625
0 0.548438 0.160938 0.071875 0.071875
0 0.596094 0.777344 0.076563 0.076563
0 0.203125 0.587500 0.043750 0.043750
0 0.928906 0.752344 0.045312 0.045312
0 0.355469 0.816406 0.048438 0.048438
0 0.234375 0.850000 0.046875 0.046875
0 0.093750 0.040625 0.053125 0.053125
0 0.084375 0.598437 0.046875 0.046875
0 0.226562 0.525000 0.031250 0.031250
0 0.386719 0.657031 0.098437 0.098437
0 0.771875 0.895312 0.062500 0.062500
0 0.775781 0.069531 0.042188 0.042188
0 0.134375 0.385937 0.043750 0.043750
0 0.278125 0.364063 0.087500 0.087500
0 0.753906 0.553906 0.064062 0.064062
0 0.628906 0.519531 0.098437 0.098437
