0 0.265625 0.581250 0.050000 0.050000
0 0.513281 0.289844 0.042188 0.042188
0 0.889062 0.342187 0.031250 0.031250
0 0.298438 0.201563 0.056250 0.056250
0 0.129688 0.271875 0.090625 0.090625
0 0.711719 0.283594 0.098437 0.098437
0 0.287500 0.782813 0.090625 0.090625
0 0.967187 0.634375 0.034375 0.034375
0 0.693750 0.739062 0.062500 0.062500
0 0.417187 0.381250 0.087500 0.087500
0 0.555469 0.063281 0.054688 0.054688
0 0.287500 0.898438 0.062500 0.062500
0 0.432031 0.941406 0.042188 0.042188
0 0.671094 0.797656 0.051562 0.051562
0 0.555469 0.825781 0.060937 0.060937
0 0.080469 0.600781 0.054688 0.054688
