0 0.728906 0.697656 0.067187 0.067187
0 0.395313 0.109375 0.046875 0.046875
0 0.233594 0.675781 0.048438 0.048438
0 0.781250 0.890625 0.031250 0.031250
0 0.539062 0.078125 0.031250 0.031250
0 0.296875 0.193750 0.090625 0.090625
0 0.347656 0.407031 0.048438 0.048438
0 0.825000 0.484375 0.062500 0.062500
0 0.207031 0.341406 0.048438 0.048438
0 0.507031 0.505469 0.032813 0.032813
0 0.857031 0.111719 0.029687 0.029687
0 0.260156 0.808594 0.064062 0.064062
0 0.860156 0.896094 0.042188 0.042188
0 0.346875 0.264062 0.034375 0.034375
0 0.806250 0.167187 0.065625 0.065625
0 0.455469 0.067969 0.070312 0.070312
