0 0.684375 0.571875 0.043750 0.043750
0 0.641406 0.258594 0.089063 0.089063
0 0.360156 0.742969 0.082812 0.082812
0 0.567187 0.465625 0.081250 0.081250
0 0.921875 0.482812 0.090625 0.090625
0 0.560937 0.082812 0.071875 0.071875
0 0.497656 0.896094 0.039062 0.039062
0 0.907813 0.645312 0.081250 0.081250
0 0.071094 0.633594 0.095312 0.095312
0 0.370312 0.426563 0.050000 0.050000
0 0.707031 0.483594 0.095312 0.095312
0 0.326562 0.512500 0.034375 0.034375
0 0.594531 0.949219 0.079687 0.079687
0 0.032813 0.142187 0.043750 0.043750
0 0.179688 0.181250 0.068750 0.068750
0 0.701562 0.390625 0.078125 0.078125
0 0.862500 0.245312 0.081250 0.081250
0 0.437500 0.871875 0.065625 0.065625
0 0.575781 0.750781 0.060937 0.060937
