0 0.699219 0.821094 0.042188 0.042188
0 0.607031 0.767969 0.042188 0.042188
0 0.282813 0.540625 0.075000 0.075000
0 0.756250 0.615625 0.081250 0.081250
0 0.254688 0.440625 0.031250 0.031250
0 0.726562 0.515625 0.093750 0.093750
0 0.142969 0.349219 0.089063 0.089063
0 0.098437 0.260937 0.068750 0.068750
0 0.117188 0.717187 0.034375 0.034375
0 0.365625 0.712500 0.087500 0.087500
0 0.677344 0.155469 0.089063 0.089063
0 0.867969 0.777344 0.060937 0.060937
0 0.142969 0.444531 0.095312 0.095312
0 0.078125 0.490625 0.031250 0.031250
