0 0.124219 0.052344 0.045312 0.045312
0 0.424219 0.235156 0.067187 0.067187
0 0.125000 0.432812 0.059375 0.059375
0 0.646875 0.098437 0.034375 0.034375
0 0.456250 0.309375 0.037500 0.037500
0 0.053906 0.399219 0.064062 0.064062
0 0.802344 0.416406 0.035937 0.035937
0 0.456250 0.812500 0.084375 0.084375
0 0.493750 0.612500 0.093750 0.093750
0 0.637500 0.017188 0.031250 0.031250
0 0.309375 0.778125 0.043750 0.043750
0 0.813281 0.624219 0.032813 0.032813
0 0.167187 0.162500 0.096875 0.096875
0 0.591406 0.650781 0.095312 0.095312
0 0.883594 0.519531 0.029687 0.029687
0 0.789844 0.757031 0.098437 0.098437
0 0.950781 0.221094 0.067187 0.067187
0 0.271094 0.217969 0.054688 0.054688
0 0.166406 0.764844 0.054688 0.054688
0 0.123438 0.315625 0.040625 0.040625
