0 0.678125 0.270313 0.062500 0.062500
0 0.260937 0.603125 0.078125 0.078125
0 0.279687 0.292187 0.096875 0.096875
0 0.684375 0.926562 0.075000 0.075000
0 0.082031 0.878906 0.095312 0.095312
0 0.559375 0.078125 0.068750 0.068750
0 0.746875 0.742188 0.050000 0.050000
0 0.893750 0.437500 0.087500 0.087500
0 0.452344 0.639844 0.042188 0.042188
0 0.227344 0.155469 0.048438 0.048438
0 0.936719 0.794531 0.051562 0.051562
0 0.419531 0.402344 0.029687 0.029687
0 0.317188 0.876563 0.062500 0.062500
0 0.093750 0.545312 0.090625 0.090625
0 0.441406 0.328906 0.060937 0.060937
0 0.099219 0.214844 0.064062 0.064062
0 0.579688 0.717187 0.046875 0.046875
0 0.557031 0.830469 0.070312 0.070312
0 0.646875 0.514062 0.068750 0.068750
0 0.199219 0.421094 0.032813 0.032813
