0 0.640625 0.612500 0.062500 0.062500
0 0.572656 0.208594 0.035937 0.035937
0 0.817187 0.343750 0.046875 0.046875
0 0.314844 0.316406 0.039062 0.039062
0 0.966406 0.594531 0.067187 0.067187
0 0.129688 0.176563 0.087500 0.087500
0 0.581250 0.871875 0.043750 0.043750
0 0.413281 0.313281 0.045312 0.045312
0 0.659375 0.375000 0.062500 0.062500
0 0.564063 0.618750 0.043750 0.043750
0 0.846094 0.650781 0.057813 0.057813
0 0.443750 0.184375 0.093750 0.093750
0 0.383594 0.749219 0.039062 0.039062
0 0.885938 0.453125 0.034375 0.034375
