0 0.190625 0.200000 0.096875 0.096875
0 0.481250 0.209375 0.068750 0.068750
0 0.817187 0.131250 0.043750 0.043750
0 0.045312 0.826562 0.087500 0.087500
0 0.112500 0.659375 0.040625 0.040625
0 0.560937 0.412500 0.096875 0.096875
0 0.947656 0.796094 0.085938 0.085938
0 0.885156 0.192969 0.045312 0.045312
0 0.457031 0.403906 0.045312 0.045312
0 0.678906 0.892969 0.098437 0.098437
0 0.828125 0.609375 0.084375 0.084375
0 0.319531 0.825781 0.032813 0.032813
0 0.065625 0.571875 0.065625 0.065625
0 0.237500 0.548438 0.046875 0.046875
0 0.915625 0.931250 0.043750 0.043750
0 0.110156 0.100781 0.060937 0.060937
