0 0.828906 0.941406 0.048438 0.048438
0 0.946875 0.576562 0.046875 0.046875
0 0.626563 0.410938 0.034375 0.034375
0 0.446094 0.186719 0.067187 0.067187
0 0.868750 0.129688 0.068750 0.068750
0 0.956250 0.653125 0.087500 0.087500
0 0.417187 0.371875 0.078125 0.078125
0 0.521875 0.514062 0.090625 0.090625
0 0.141406 0.491406 0.029687 0.029687
0 0.649219 0.700781 0.045312 0.045312
0 0.532031 0.253906 0.067187 0.067187
0 0.393750 0.629687 0.034375 0.034375
0 0.734375 0.567187 0.056250 0.056250
0 0.533594 0.735156 0.089063 0.089063
0 0.753906 0.777344 0.048438 0.048438
0 0.688281 0.182031 0.095312 0.095312
