0 0.371094 0.810156 0.067187 0.067187
0 0.124219 0.144531 0.057813 0.057813
0 0.429688 0.351562 0.059375 0.059375
0 0.035937 0.114062 0.034375 0.034375
0 0.372656 0.603906 0.029687 0.029687
0 0.196875 0.434375 0.078125 0.078125
0 0.539844 0.855469 0.057813 0.057813
0 0.893750 0.146875 0.075000 0.075000
0 0.182031 0.697656 0.064062 0.064062
0 0.757812 0.760938 0.084375 0.084375
0 0.975000 0.809375 0.040625 0.040625
0 0.625000 0.517188 0.078125 0.078125
0 0.821094 0.267969 0.079687 0.079687
0 0.112500 0.912500 0.078125 0.078125
