0 0.189844 0.308594 0.098437 0.098437
0 0.248438 0.742188 0.096875 0.096875
0 0.410938 0.593750 0.087500 0.087500
0 0.427344 0.074219 0.079687 0.079687
0 0.900781 0.072656 0.060937 0.060937
0 0.335938 0.721875 0.040625 0.040625
0 0.382812 0.409375 0.053125 0.053125
0 0.573438 0.693750 0.053125 0.053125
0 0.452344 0.738281 0.054688 0.054688
0 0.607812 0.057813 0.093750 0.093750
0 0.763281 0.453906 0.067187 0.067187
0 0.082812 0.742188 0.059375 0.059375
0 0.741406 0.074219 0.051562 0.051562
0 0.626563 0.228125 0.093750 0.093750
0 0.471875 0.960938 0.068750 0.068750
0 0.934375 0.803125 0.034375 0.034375
0 0.878125 0.603125 0.053125 0.053125
0 0.099219 0.586719 0.039062 0.039062
0 0.569531 0.911719 0.095312 0.095312
