0 0.786719 0.363281 0.095312 0.095312
0 0.121875 0.523438 0.078125 0.078125
0 0.058594 0.732031 0.051562 0.051562
0 0.388281 0.588281 0.054688 0.054688
0 0.507812 0.932813 0.093750 0.093750
0 0.964063 0.318750 0.071875 0.071875
0 0.883594 0.838281 0.082812 0.082812
0 0.074219 0.049219 0.085938 0.085938
0 0.200000 0.906250 0.053125 0.053125
0 0.928125 0.162500 0.075000 0.075000
0 0.666406 0.282031 0.098437 0.098437
0 0.089844 0.930469 0.070312 0.070312
0 0.390625 0.376563 0.084375 0.084375
0 0.677344 0.085156 0.089063 0.089063
0 0.741406 0.596094 0.070312 0.070312
0 0.525781 0.117969 0.054688 0.054688
0 0.554688 0.625000 0.075000 0.075000
0 0.308594 0.839844 0.070312 0.070312
0 0.393750 0.085938 0.053125 0.053125
0 0.209375 0.707812 0.078125 0.078125
