0 0.902344 0.236719 0.035937 0.035937
0 0.856250 0.539062 0.031250 0.031250
0 0.356250 0.790625 0.090625 0.090625
0 0.194531 0.760156 0.029687 0.029687
0 0.545312 0.846875 0.056250 0.056250
0 0.533594 0.350781 0.045312 0.045312
0 0.952344 0.308594 0.085938 0.085938
0 0.967187 0.814063 0.053125 0.053125
0 0.044531 0.764844 0.079687 0.079687
0 0.275000 0.289062 0.059375 0.059375
0 0.596094 0.582031 0.070312 0.070312
0 0.339062 0.584375 0.081250 0.081250
0 0.757031 0.717969 0.039062 0.039062
0 0.275000 0.064062 0.050000 0.050000
0 0.367188 0.226562 0.043750 0.043750
0 0.170313 0.281250 0.040625 0.040625
