0 0.667969 0.288281 0.073438 0.073438
0 0.282031 0.538281 0.029687 0.029687
0 0.054688 0.646875 0.087500 0.087500
0 0.107031 0.452344 0.085938 0.085938
0 0.873437 0.934375 0.093750 0.093750
0 0.869531 0.767969 0.082812 0.082812
0 0.242188 0.771875 0.053125 0.053125
0 0.117969 0.813281 0.085938 0.085938
0 0.497656 0.550781 0.092188 0.092188
0 0.895312 0.373437 0.093750 0.093750
0 0.213281 0.696094 0.029687 0.029687
0 0.310937 0.646875 0.084375 0.084375
0 0.656250 0.557813 0.096875 0.096875
0 0.711719 0.796094 0.095312 0.095312
0 0.782813 0.253125 0.050000 0.050000
0 0.311719 0.753906 0.064062 0.064062
0 0.225781 0.638281 0.039062 0.039062
0 0.864062 0.156250 0.090625 0.090625
0 0.276562 0.234375 0.068750 0.068750
