0 0.297656 0.057031 0.070312 0.070312
0 0.785156 0.857031 0.048438 0.048438
0 0.728906 0.780469 0.039062 0.039062
0 0.774219 0.200781 0.064062 0.064062
0 0.142187 0.792188 0.028125 0.028125
0 0.932031 0.258594 0.060937 0.060937
0 0.943750 0.162500 0.050000 0.050000
0 0.871875 0.042188 0.056250 0.056250
0 0.871094 0.769531 0.045312 0.045312
0 0.733594 0.421094 0.042188 0.042188
0 0.768750 0.729688 0.043750 0.043750
0 0.700781 0.349219 0.095312 0.095312
0 0.620313 0.478125 0.075000 0.075000
0 0.224219 0.474219 0.098437 0.098437
0 0.327344 0.625781 0.048438 0.048438
