0 0.767188 0.901563 0.053125 0.053125
0 0.659375 0.918750 0.068750 0.068750
0 0.046875 0.373437 0.059375 0.059375
0 0.810156 0.413281 0.073438 0.073438
0 0.620313 0.693750 0.084375 0.084375
0 0.275000 0.246875 0.059375 0.059375
0 0.414062 0.921875 0.096875 0.096875
0 0.078125 0.814063 0.087500 0.087500
0 0.583594 0.091406 0.076563 0.076563
0 0.905469 0.880469 0.042188 0.042188
0 0.660937 0.601562 0.075000 0.075000
0 0.892188 0.435937 0.084375 0.084375
0 0.060156 0.638281 0.035937 0.035937
0 0.320312 0.556250 0.065625 0.065625
0 0.886719 0.146094 0.039062 0.039062
0 0.307812 0.460938 0.081250 0.081250
0 0.324219 0.791406 0.051562 0.051562
0 0.834375 0.715625 0.034375 0.034375
0 0.732812 0.345313 0.059375 0.059375
0 0.335156 0.141406 0.079687 0.079687
