0 0.400781 0.446094 0.085938 0.085938
0 0.239063 0.265625 0.056250 0.056250
0 0.085938 0.495312 0.068750 0.068750
0 0.210156 0.483594 0.048438 0.048438
0 0.532031 0.560156 0.054688 0.054688
0 0.264062 0.578125 0.062500 0.062500
0 0.345313 0.128125 0.087500 0.087500
0 0.946094 0.471094 0.098437 0.098437
0 0.303906 0.771094 0.085938 0.085938
0 0.960938 0.248438 0.071875 0.071875
0 0.097656 0.947656 0.060937 0.060937
0 0.056250 0.757812 0.059375 0.059375
0 0.168750 0.848437 0.093750 0.093750
0 0.068750 0.210938 0.065625 0.065625
0 0.946875 0.771875 0.081250 0.081250
0 0.855469 0.305469 0.042188 0.042188
0 0.532813 0.192188 0.062500 0.062500
0 0.579688 0.792188 0.081250 0.081250
0 0.816406 0.513281 0.035937 0.035937
0 0.365625 0.210938 0.037500 0.037500
