0 0.203906 0.053906 0.073438 0.073438
0 0.758594 0.844531 0.070312 0.070312
0 0.048438 0.895312 0.084375 0.084375
0 0.656250 0.954688 0.081250 0.081250
0 0.635156 0.861719 0.082812 0.082812
0 0.483594 0.864844 0.095312 0.095312
0 0.708594 0.111719 0.029687 0.029687
0 0.230469 0.141406 0.054688 0.054688
0 0.246094 0.708594 0.073438 0.073438
0 0.110937 0.498437 0.081250 0.081250
0 0.098437 0.753125 0.053125 0.053125
0 0.082031 0.211719 0.042188 0.042188
0 0.553906 0.744531 0.070312 0.070312
0 0.554688 0.331250 0.078125 0.078125
0 0.388281 0.185156 0.085938 0.085938
0 0.745313 0.726562 0.087500 0.087500
