0 0.594531 0.233594 0.070312 0.070312
0 0.567969 0.594531 0.085938 0.085938
0 0.512500 0.065625 0.053125 0.053125
0 0.696875 0.585938 0.078125 0.078125
0 0.946875 0.198437 0.031250 0.031250
0 0.753125 0.925000 0.093750 0.093750
0 0.545312 0.931250 0.090625 0.090625
0 0.875000 0.398438 0.037500 0.037500
0 0.275000 0.826562 0.040625 0.040625
0 0.828125 0.806250 0.046875 0.046875
0 0.538281 0.775781 0.051562 0.051562
0 0.045312 0.289062 0.031250 0.031250
0 0.428125 0.103125 0.046875 0.046875
0 0.372656 0.377344 0.079687 0.079687
0 0.267188 0.451562 0.087500 0.087500
0 0.572656 0.153906 0.029687 0.029687
