0 0.542188 0.104688 0.034375 0.034375
0 0.216406 0.852344 0.035937 0.035937
0 0.589844 0.863281 0.092188 0.092188
0 0.068750 0.915625 0.056250 0.056250
0 0.416406 0.438281 0.060937 0.060937
0 0.663281 0.569531 0.095312 0.095312
0 0.913281 0.861719 0.054688 0.054688
0 0.501563 0.065625 0.034375 0.034375
0 0.077344 0.532031 0.051562 0.051562
0 0.694531 0.057031 0.054688 0.054688
0 0.495312 0.923438 0.081250 0.081250
0 0.720313 0.784375 0.078125 0.078125
0 0.378906 0.575781 0.095312 0.095312
0 0.602344 0.264844 0.073438 0.073438
0 0.101562 0.326562 0.031250 0.031250
0 0.475781 0.583594 0.095312 0.095312
0 0.459375 0.728125 0.081250 0.081250
0 0.536719 0.389844 0.067187 0.067187
0 0.234375 0.670312 0.081250 0.081250
0 0.265625 0.120313 0.078125 0.078125
