0 0.450781 0.150781 0.082812 0.082812
0 0.914844 0.541406 0.079687 0.079687
0 0.278125 0.368750 0.065625 0.065625
0 0.868750 0.282813 0.096875 0.096875
0 0.428906 0.358594 0.067187 0.067187
0 0.545312 0.273438 0.078125 0.078125
0 0.707031 0.071094 0.076563 0.076563
0 0.089063 0.112500 0.096875 0.096875
0 0.403906 0.074219 0.035937 0.035937
0 0.976562 0.496875 0.037500 0.037500
0 0.535937 0.654687 0.084375 0.084375
0 0.687500 0.314063 0.071875 0.071875
0 0.639844 0.260156 0.032813 0.032813
0 0.198437 0.692187 0.096875 0.096875
0 0.347656 0.769531 0.042188 0.042188
0 0.625781 0.761719 0.042188 0.042188
0 0.892969 0.432031 0.095312 0.095312
0 0.355469 0.889844 0.054688 0.054688
0 0.482031 0.452344 0.076563 0.076563
