0 0.153125 0.460938 0.071875 0.071875
0 0.594531 0.050781 0.039062 0.039062
0 0.632812 0.881250 0.081250 0.081250
0 0.453125 0.878125 0.059375 0.059375
0 0.550781 0.474219 0.054688 0.054688
0 0.715625 0.182812 0.084375 0.084375
0 0.067187 0.123438 0.050000 0.050000
0 0.633594 0.514844 0.032813 0.032813
0 0.335156 0.283594 0.039062 0.039062
0 0.207813 0.046875 0.059375 0.059375
0 0.450000 0.685937 0.037500 0.037500
0 0.220312 0.245312 0.053125 0.053125
0 0.127344 0.874219 0.095312 0.095312
0 0.382812 0.767188 0.081250 0.081250
0 0.719531 0.396094 0.067187 0.067187
0 0.839063 0.442188 0.050000 0.050000
0 0.807031 0.732031 0.051562 0.051562
0 0.812500 0.204687 0.065625 0.065625
0 0.947656 0.102344 0.092188 0.092188
0 0.667969 0.307031 0.032813 0.032813
