0 0.538281 0.130469 0.039062 0.039062
0 0.584375 0.217188 0.090625 0.090625
0 0.775781 0.272656 0.051562 0.051562
0 0.328125 0.201563 0.071875 0.071875
0 0.118750 0.056250 0.065625 0.065625
0 0.382031 0.838281 0.057813 0.057813
0 0.503906 0.892969 0.085938 0.085938
0 0.826562 0.918750 0.084375 0.084375
0 0.274219 0.871094 0.051562 0.051562
0 0.797656 0.096094 0.057813 0.057813
0 0.582031 0.496094 0.060937 0.060937
0 0.784375 0.657813 0.078125 0.078125
0 0.057031 0.830469 0.064062 0.064062
0 0.103906 0.503906 0.060937 0.060937
