0 0.694531 0.525781 0.073438 0.073438
0 0.156250 0.596875 0.053125 0.053125
0 0.219531 0.167969 0.042188 0.042188
0 0.911719 0.072656 0.079687 0.079687
0 0.376563 0.621875 0.090625 0.090625
0 0.362500 0.081250 0.096875 0.096875
0 0.624219 0.439844 0.039062 0.039062
0 0.089063 0.504687 0.084375 0.084375
0 0.275781 0.778906 0.082812 0.082812
0 0.579688 0.745313 0.037500 0.037500
0 0.152344 0.758594 0.092188 0.092188
0 0.872656 0.886719 0.067187 0.067187
0 0.271094 0.082031 0.039062 0.039062
0 0.890625 0.143750 0.053125 0.053125
0 0.163281 0.917969 0.085938 0.085938
0 0.297656 0.702344 0.048438 0.048438
0 0.261719 0.597656 0.067187 0.067187
0 0.912500 0.559375 0.078125 0.078125
