0 0.418750 0.951562 0.053125 0.053125
0 0.772656 0.685156 0.048438 0.048438
0 0.641406 0.535156 0.079687 0.079687
0 0.693750 0.898438 0.096875 0.096875
0 0.696094 0.325781 0.045312 0.045312
0 0.301563 0.915625 0.056250 0.056250
0 0.833594 0.391406 0.089063 0.089063
0 0.384375 0.400000 0.087500 0.087500
0 0.835156 0.457031 0.039062 0.039062
0 0.547656 0.422656 0.092188 0.092188
0 0.261719 0.216406 0.079687 0.079687
0 0.677344 0.638281 0.070312 0.070312
0 0.492188 0.317188 0.068750 0.068750
0 0.428906 0.494531 0.089063 0.089063
