0 0.736719 0.916406 0.082812 0.082812
0 0.079687 0.259375 0.081250 0.081250
0 0.341406 0.177344 0.089063 0.089063
0 0.330469 0.561719 0.057813 0.057813
0 0.198437 0.406250 0.081250 0.081250
0 0.150000 0.145313 0.034375 0.034375
0 0.914062 0.550000 0.093750 0.093750
0 0.621875 0.554688 0.096875 0.096875
0 0.895312 0.048438 0.034375 0.034375
0 0.555469 0.899219 0.076563 0.076563
0 0.209375 0.690625 0.065625 0.065625
0 0.581250 0.171875 0.053125 0.053125
0 0.450781 0.813281 0.095312 0.095312
0 0.670312 0.253125 0.040625 0.040625
0 0.614062 0.048438 0.031250 0.031250
0 0.077344 0.941406 0.067187 0.067187
0 0.402344 0.588281 0.082812 0.082812
