0 0.593750 0.190625 0.050000 0.050000
0 0.538281 0.807031 0.054688 0.054688
0 0.299219 0.919531 0.089063 0.089063
0 0.421875 0.071875 0.059375 0.059375
0 0.564844 0.917969 0.082812 0.082812
0 0.396875 0.284375 0.090625 0.090625
0 0.609375 0.025000 0.046875 0.046875
0 0.171875 0.748437 0.078125 0.078125
0 0.874219 0.513281 0.085938 0.085938
0 0.161719 0.511719 0.082812 0.082812
0 0.125000 0.032813 0.050000 0.050000
0 0.068750 0.700000 0.056250 0.056250
0 0.353906 0.533594 0.048438 0.048438
0 0.903906 0.280469 0.029687 0.029687
0 0.871875 0.848437 0.056250 0.056250
0 0.418750 0.607812 0.065625 0.065625
0 0.048438 0.592187 0.090625 0.090625
0 0.081250 0.490625 0.065625 0.065625
0 0.369531 0.957031 0.039062 0.039062
