0 0.347656 0.519531 0.098437 0.098437
0 0.111719 0.941406 0.054688 0.054688
0 0.224219 0.330469 0.035937 0.035937
0 0.197656 0.064844 0.039062 0.039062
0 0.465625 0.603125 0.034375 0.034375
0 0.904687 0.545312 0.084375 0.084375
0 0.893750 0.267188 0.087500 0.087500
0 0.948438 0.768750 0.084375 0.084375
0 0.255469 0.266406 0.029687 0.029687
0 0.791406 0.497656 0.064062 0.064062
0 0.483594 0.360156 0.042188 0.042188
0 0.317188 0.921875 0.068750 0.068750
0 0.380469 0.800781 0.092188 0.092188
0 0.188281 0.210156 0.060937 0.060937
