0 0.181250 0.248438 0.062500 0.062500
0 0.052344 0.588281 0.054688 0.054688
0 0.705469 0.171094 0.076563 0.076563
0 0.687500 0.512500 0.071875 0.071875
0 0.749219 0.664844 0.045312 0.045312
0 0.138281 0.619531 0.079687 0.079687
0 0.557031 0.136719 0.070312 0.070312
0 0.784375 0.214062 0.053125 0.053125
0 0.772656 0.061719 0.076563 0.076563
0 0.200781 0.941406 0.073438 0.073438
0 0.782813 0.442188 0.096875 0.096875
0 0.061719 0.836719 0.070312 0.070312
0 0.490625 0.467187 0.090625 0.090625
0 0.343750 0.278125 0.093750 0.093750
