0 0.581250 0.328125 0.084375 0.084375
0 0.468750 0.042188 0.065625 0.065625
0 0.153906 0.221094 0.045312 0.045312
0 0.438281 0.911719 0.092188 0.092188
0 0.545312 0.242188 0.081250 0.081250
0 0.682031 0.703906 0.092188 0.092188
0 0.213281 0.875781 0.073438 0.073438
0 0.689063 0.893750 0.034375 0.034375
0 0.237500 0.646875 0.068750 0.068750
0 0.817187 0.275000 0.040625 0.040625
0 0.928906 0.172656 0.076563 0.076563
0 0.544531 0.130469 0.098437 0.098437
0 0.797656 0.344531 0.035937 0.035937
0 0.065625 0.082812 0.050000 0.050000
0 0.395313 0.570312 0.075000 0.075000
0 0.975000 0.789062 0.031250 0.031250
0 0.371094 0.650781 0.035937 0.035937
0 0.217188 0.287500 0.059375 0.059375
