0 0.200781 0.638281 0.076563 0.076563
0 0.135937 0.534375 0.043750 0.043750
0 0.528125 0.526563 0.068750 0.068750
0 0.346875 0.462500 0.059375 0.059375
0 0.841406 0.883594 0.092188 0.092188
0 0.593750 0.820312 0.075000 0.075000
0 0.730469 0.578906 0.048438 0.048438
0 0.442188 0.926562 0.078125 0.078125
0 0.208594 0.100781 0.039062 0.039062
0 0.382812 0.757812 0.059375 0.059375
0 0.492969 0.158594 0.092188 0.092188
0 0.350781 0.894531 0.032813 0.032813
0 0.217969 0.942969 0.073438 0.073438
0 0.245312 0.290625 0.062500 0.062500
0 0.178906 0.177344 0.073438 0.073438
0 0.294531 0.178906 0.089063 0.089063
