0 0.606250 0.939063 0.034375 0.034375
0 0.753906 0.208594 0.032813 0.032813
0 0.664844 0.877344 0.042188 0.042188
0 0.237500 0.198437 0.031250 0.031250
0 0.632812 0.057813 0.084375 0.084375
0 0.296094 0.913281 0.098437 0.098437
0 0.846094 0.832031 0.076563 0.076563
0 0.727344 0.535156 0.054688 0.054688
0 0.081250 0.715625 0.037500 0.037500
0 0.292187 0.665625 0.043750 0.043750
0 0.425781 0.713281 0.064062 0.064062
0 0.085156 0.586719 0.085938 0.085938
0 0.080469 0.800781 0.089063 0.089063
0 0.336719 0.442969 0.064062 0.064062
0 0.208594 0.455469 0.048438 0.048438
0 0.510156 0.910156 0.085938 0.085938
0 0.576562 0.462500 0.059375 0.059375
0 0.533594 0.394531 0.073438 0.073438
0 0.087500 0.078125 0.090625 0.090625
0 0.204687 0.520312 0.050000 0.050000
