0 0.785937 0.795312 0.062500 0.062500
0 0.674219 0.385156 0.067187 0.067187
0 0.892969 0.802344 0.045312 0.045312
0 0.558594 0.080469 0.045312 0.045312
0 0.130469 0.557031 0.079687 0.079687
0 0.435937 0.400000 0.031250 0.031250
0 0.630469 0.497656 0.089063 0.089063
0 0.891406 0.422656 0.054688 0.054688
0 0.257031 0.436719 0.098437 0.098437
0 0.308594 0.811719 0.032813 0.032813
0 0.511719 0.858594 0.057813 0.057813
0 0.939844 0.583594 0.070312 0.070312
0 0.519531 0.177344 0.051562 0.051562
0 0.166406 0.308594 0.039062 0.039062
0 0.191406 0.169531 0.067187 0.067187
0 0.630469 0.694531 0.067187 0.067187
0 0.603125 0.300000 0.093750 0.093750
0 0.287500 0.109375 0.090625 0.090625
