0 0.171875 0.534375 0.046875 0.046875
0 0.139063 0.171875 0.065625 0.065625
0 0.930469 0.438281 0.085938 0.085938
0 0.787500 0.812500 0.056250 0.056250
0 0.955469 0.638281 0.054688 0.054688
0 0.523438 0.078125 0.062500 0.062500
0 0.102344 0.905469 0.042188 0.042188
0 0.248438 0.642188 0.087500 0.087500
0 0.675000 0.303125 0.059375 0.059375
0 0.653125 0.651563 0.087500 0.087500
0 0.877344 0.160156 0.048438 0.048438
0 0.446094 0.941406 0.032813 0.032813
0 0.411719 0.061719 0.042188 0.042188
0 0.727344 0.413281 0.029687 0.029687
0 0.878906 0.583594 0.079687 0.079687
0 0.289844 0.096094 0.076563 0.076563
0 0.692187 0.732812 0.046875 0.046875
0 0.139063 0.714063 0.046875 0.046875
0 0.181250 0.046875 0.068750 0.068750
