0 0.467969 0.871094 0.045312 0.045312
0 0.160156 0.083594 0.098437 0.098437
0 0.156250 0.945312 0.084375 0.084375
0 0.954688 0.653125 0.046875 0.046875
0 0.825000 0.957812 0.078125 0.078125
0 0.630469 0.946094 0.051562 0.051562
0 0.797656 0.366406 0.054688 0.054688
0 0.580469 0.475781 0.073438 0.073438
0 0.550000 0.068750 0.084375 0.084375
0 0.327344 0.555469 0.035937 0.035937
0 0.600781 0.866406 0.032813 0.032813
0 0.896875 0.648438 0.037500 0.037500
0 0.260937 0.812500 0.065625 0.065625
0 0.710156 0.582031 0.035937 0.035937
0 0.547656 0.221094 0.092188 0.092188
