0 0.766406 0.182031 0.045312 0.045312
0 0.213281 0.082031 0.057813 0.057813
0 0.697656 0.463281 0.045312 0.045312
0 0.703906 0.772656 0.057813 0.057813
0 0.674219 0.650781 0.070312 0.070312
0 0.514844 0.538281 0.048438 0.048438
0 0.158594 0.480469 0.098437 0.098437
0 0.761719 0.607031 0.085938 0.085938
0 0.069531 0.105469 0.070312 0.070312
0 0.414062 0.560937 0.087500 0.087500
0 0.925000 0.765625 0.046875 0.046875
0 0.944531 0.666406 0.029687 0.029687
0 0.240625 0.418750 0.056250 0.056250
0 0.768750 0.253125 0.056250 0.056250
0 0.177344 0.919531 0.045312 0.045312
0 0.461719 0.782031 0.042188 0.042188
0 0.710156 0.369531 0.054688 0.054688
