0 0.232031 0.771094 0.092188 0.092188
0 0.849219 0.844531 0.039062 0.039062
0 0.880469 0.411719 0.076563 0.076563
0 0.135937 0.721875 0.071875 0.071875
0 0.210938 0.400000 0.090625 0.090625
0 0.732812 0.859375 0.059375 0.059375
0 0.854688 0.168750 0.043750 0.043750
0 0.371094 0.408594 0.042188 0.042188
0 0.114844 0.069531 0.092188 0.092188
0 0.559375 0.571875 0.075000 0.075000
0 0.468750 0.548438 0.037500 0.037500
0 0.439063 0.340625 0.078125 0.078125
0 0.136719 0.807031 0.079687 0.079687
0 0.581250 0.840625 0.037500 0.037500
0 0.939063 0.046875 0.090625 0.090625
0 0.353125 0.937500 0.090625 0.090625
0 0.483594 0.450781 0.070312 0.070312
0 0.153906 0.644531 0.042188 0.042188
0 0.710156 0.557031 0.098437 0.098437
0 0.050000 0.812500 0.090625 0.090625
