0 0.646875 0.903125 0.090625 0.090625
0 0.807031 0.327344 0.067187 0.067187
0 0.219531 0.186719 0.082812 0.082812
0 0.778125 0.895312 0.034375 0.034375
0 0.194531 0.049219 0.035937 0.035937
0 0.721875 0.265625 0.031250 0.031250
0 0.274219 0.297656 0.039062 0.039062
0 0.458594 0.967969 0.054688 0.054688
0 0.942969 0.527344 0.035937 0.035937
0 0.392188 0.287500 0.040625 0.040625
0 0.857031 0.242969 0.098437 0.098437
0 0.209375 0.446875 0.037500 0.037500
0 0.548438 0.314063 0.062500 0.062500
0 0.260937 0.100000 0.053125 0.053125
