0 0.493750 0.573438 0.040625 0.040625
0 0.154688 0.209375 0.084375 0.084375
0 0.210938 0.692187 0.078125 0.078125
0 0.221094 0.355469 0.098437 0.098437
0 0.718750 0.089063 0.031250 0.031250
0 0.239844 0.460156 0.070312 0.070312
0 0.939844 0.907031 0.042188 0.042188
0 0.325000 0.607812 0.034375 0.034375
0 0.546094 0.182031 0.082812 0.082812
0 0.820312 0.378125 0.056250 0.056250
0 0.052344 0.486719 0.079687 0.079687
0 0.132812 0.514062 0.056250 0.056250
0 0.170313 0.075000 0.093750 0.093750
0 0.476562 0.081250 0.065625 0.065625
0 0.632812 0.365625 0.093750 0.093750
