0 0.358594 0.574219 0.076563 0.076563
0 0.377344 0.339844 0.076563 0.076563
0 0.589844 0.092969 0.073438 0.073438
0 0.098437 0.285938 0.068750 0.068750
0 0.101562 0.225000 0.050000 0.050000
0 0.039062 0.959375 0.056250 0.056250
0 0.743750 0.521875 0.081250 0.081250
0 0.467187 0.848437 0.050000 0.050000
0 0.799219 0.674219 0.060937 0.060937
0 0.220312 0.585938 0.084375 0.084375
0 0.244531 0.199219 0.048438 0.048438
0 0.026562 0.276562 0.043750 0.043750
0 0.680469 0.307031 0.051562 0.051562
0 0.851562 0.445312 0.068750 0.068750
