0 0.885156 0.261719 0.095312 0.095312
0 0.774219 0.792969 0.082812 0.082812
0 0.457031 0.903906 0.035937 0.035937
0 0.528125 0.045312 0.046875 0.046875
0 0.237500 0.503125 0.071875 0.071875
0 0.646094 0.192969 0.051562 0.051562
0 0.441406 0.800781 0.035937 0.035937
0 0.225000 0.240625 0.087500 0.087500
0 0.283594 0.736719 0.054688 0.054688
0 0.538281 0.394531 0.045312 0.045312
0 0.162500 0.582812 0.062500 0.062500
0 0.607031 0.689844 0.085938 0.085938
0 0.350781 0.530469 0.070312 0.070312
0 0.453125 0.726562 0.090625 0.090625
0 0.727344 0.503906 0.032813 0.032813
0 0.385156 0.435156 0.073438 0.073438
0 0.409375 0.150000 0.059375 0.059375
0 0.923438 0.137500 0.059375 0.059375
0 0.057031 0.366406 0.035937 0.035937
0 0.328906 0.249219 0.098437 0.098437
