0 0.653125 0.862500 0.043750 0.043750
0 0.255469 0.686719 0.070312 0.070312
0 0.498437 0.954688 0.087500 0.087500
0 0.377344 0.133594 0.045312 0.045312
0 0.064844 0.946094 0.082812 0.082812
0 0.375781 0.582031 0.089063 0.089063
0 0.885156 0.766406 0.067187 0.067187
0 0.533594 0.822656 0.060937 0.060937
0 0.049219 0.052344 0.092188 0.092188
0 0.803906 0.535156 0.048438 0.048438
0 0.117969 0.560156 0.079687 0.079687
0 0.652344 0.550781 0.070312 0.070312
0 0.107813 0.276562 0.084375 0.084375
0 0.790625 0.625000 0.087500 0.087500
0 0.814063 0.210938 0.043750 0.043750
0 0.268750 0.812500 0.043750 0.043750
0 0.566406 0.599219 0.076563 0.076563
0 0.947656 0.553906 0.070312 0.070312
0 0.346094 0.964844 0.045312 0.045312
