0 0.532031 0.282031 0.089063 0.089063
0 0.963281 0.053906 0.073438 0.073438
0 0.790625 0.701562 0.053125 0.053125
0 0.957812 0.353125 0.031250 0.031250
0 0.726562 0.548438 0.087500 0.087500
0 0.475000 0.189062 0.034375 0.034375
0 0.530469 0.671094 0.089063 0.089063
0 0.360156 0.175781 0.039062 0.039062
0 0.282031 0.386719 0.073438 0.073438
0 0.457031 0.063281 0.076563 0.076563
0 0.187500 0.434375 0.059375 0.059375
0 0.660156 0.753906 0.042188 0.042188
0 0.150000 0.856250 0.065625 0.065625
0 0.885156 0.617969 0.051562 0.051562
0 0.740625 0.101562 0.046875 0.046875
0 0.593750 0.889062 0.056250 0.056250
