0 0.909375 0.854688 0.071875 0.071875
0 0.602344 0.950781 0.039062 0.039062
0 0.078906 0.900781 0.039062 0.039062
0 0.607031 0.200781 0.098437 0.098437
0 0.386719 0.917969 0.067187 0.067187
0 0.648438 0.426563 0.065625 0.065625
0 0.403125 0.218750 0.065625 0.065625
0 0.482031 0.542969 0.067187 0.067187
0 0.782031 0.900781 0.045312 0.045312
0 0.246875 0.890625 0.096875 0.096875
0 0.754687 0.045312 0.062500 0.062500
0 0.277344 0.135156 0.032813 0.032813
0 0.710938 0.707812 0.062500 0.062500
0 0.492969 0.177344 0.060937 0.060937
0 0.950000 0.373437 0.046875 0.046875
