0 0.870313 0.767188 0.046875 0.046875
0 0.402344 0.913281 0.042188 0.042188
0 0.745313 0.729688 0.056250 0.056250
0 0.541406 0.146094 0.067187 0.067187
0 0.390625 0.421875 0.084375 0.084375
0 0.917188 0.268750 0.043750 0.043750
0 0.733594 0.817969 0.032813 0.032813
0 0.710938 0.550000 0.046875 0.046875
0 0.432812 0.093750 0.078125 0.078125
0 0.699219 0.388281 0.057813 0.057813
0 0.063281 0.311719 0.067187 0.067187
0 0.571875 0.525000 0.034375 0.034375
0 0.935937 0.107813 0.096875 0.096875
0 0.832812 0.296875 0.096875 0.096875
0 0.203906 0.596094 0.060937 0.060937
0 0.594531 0.264844 0.067187 0.067187
0 0.500000 0.846875 0.046875 0.046875
0 0.275781 0.788281 0.039062 0.039062
0 0.461719 0.313281 0.032813 0.032813
0 0.965625 0.851562 0.068750 0.068750
