0 0.675781 0.672656 0.060937 0.060937
0 0.822656 0.277344 0.098437 0.098437
0 0.196875 0.621875 0.081250 0.081250
0 0.907031 0.967969 0.032813 0.032813
0 0.430469 0.355469 0.057813 0.057813
0 0.246875 0.267188 0.059375 0.059375
0 0.910156 0.758594 0.042188 0.042188
0 0.428125 0.657813 0.059375 0.059375
0 0.459375 0.576562 0.093750 0.093750
0 0.152344 0.452344 0.064062 0.064062
0 0.349219 0.872656 0.082812 0.082812
0 0.738281 0.196094 0.051562 0.051562
0 0.111719 0.514844 0.042188 0.042188
0 0.451562 0.787500 0.090625 0.090625
0 0.052344 0.971094 0.051562 0.051562
0 0.553906 0.563281 0.039062 0.039062
