0 0.451562 0.471875 0.068750 0.068750
0 0.236719 0.752344 0.054688 0.054688
0 0.948438 0.548438 0.096875 0.096875
0 0.358594 0.246094 0.064062 0.064062
0 0.353906 0.577344 0.060937 0.060937
0 0.143750 0.135937 0.031250 0.031250
0 0.893750 0.784375 0.084375 0.084375
0 0.836719 0.889844 0.045312 0.045312
0 0.353906 0.863281 0.035937 0.035937
0 0.823438 0.489063 0.056250 0.056250
0 0.714844 0.433594 0.039062 0.039062
0 0.076563 0.689063 0.062500 0.062500
0 0.646094 0.910156 0.048438 0.048438
0 0.475000 0.887500 0.050000 0.050000
0 0.568750 0.296875 0.075000 0.075000
