0 0.176563 0.071875 0.065625 0.065625
0 0.818750 0.843750 0.081250 0.081250
0 0.698438 0.948438 0.034375 0.034375
0 0.155469 0.730469 0.073438 0.073438
0 0.635156 0.697656 0.057813 0.057813
0 0.625000 0.901563 0.053125 0.053125
0 0.896875 0.153125 0.059375 0.059375
0 0.657813 0.606250 0.096875 0.096875
0 0.570312 0.203125 0.031250 0.031250
0 0.425781 0.521094 0.092188 0.092188
0 0.752344 0.341406 0.042188 0.042188
0 0.476562 0.684375 0.096875 0.096875
0 0.159375 0.179688 0.040625 0.040625
0 0.456250 0.234375 0.050000 0.050000
0 0.924219 0.428906 0.029687 0.029687
0 0.591406 0.771094 0.076563 0.076563
