0 0.419531 0.192969 0.032813 0.032813
0 0.739844 0.611719 0.032813 0.032813
0 0.053906 0.749219 0.060937 0.060937
0 0.798438 0.095312 0.059375 0.059375
0 0.896094 0.402344 0.048438 0.048438
0 0.436719 0.903906 0.057813 0.057813
0 0.964844 0.946094 0.029687 0.029687
0 0.267969 0.092969 0.042188 0.042188
0 0.154688 0.903125 0.059375 0.059375
0 0.740625 0.957812 0.084375 0.084375
0 0.510156 0.066406 0.079687 0.079687
0 0.728125 0.343750 0.056250 0.056250
0 0.740625 0.128125 0.031250 0.031250
0 0.373437 0.081250 0.096875 0.096875
0 0.425781 0.792969 0.079687 0.079687
0 0.757031 0.194531 0.045312 0.045312
0 0.841406 0.880469 0.035937 0.035937
0 0.540625 0.173437 0.093750 0.093750
