0 0.188281 0.099219 0.035937 0.035937
0 0.526563 0.359375 0.087500 0.087500
0 0.069531 0.764844 0.089063 0.089063
0 0.411719 0.483594 0.070312 0.070312
0 0.135156 0.178906 0.057813 0.057813
0 0.427344 0.935156 0.076563 0.076563
0 0.166406 0.508594 0.060937 0.060937
0 0.635156 0.510156 0.085938 0.085938
0 0.863281 0.219531 0.085938 0.085938
0 0.746875 0.857812 0.056250 0.056250
0 0.879687 0.389062 0.084375 0.084375
0 0.328906 0.657031 0.054688 0.054688
0 0.432031 0.680469 0.039062 0.039062
0 0.064062 0.567187 0.078125 0.078125
0 0.246875 0.696875 0.075000 0.075000
0 0.847656 0.752344 0.045312 0.045312
0 0.325000 0.312500 0.034375 0.034375
0 0.711719 0.732031 0.085938 0.085938
0 0.370312 0.153125 0.056250 0.056250
