0 0.115625 0.518750 0.043750 0.043750
0 0.404687 0.356250 0.071875 0.071875
0 0.944531 0.417969 0.079687 0.079687
0 0.744531 0.253906 0.064062 0.064062
0 0.622656 0.503906 0.051562 0.051562
0 0.779687 0.579688 0.037500 0.037500
0 0.639062 0.767188 0.056250 0.056250
0 0.079687 0.954688 0.059375 0.059375
0 0.314844 0.935156 0.032813 0.032813
0 0.143750 0.825000 0.043750 0.043750
0 0.675781 0.955469 0.076563 0.076563
0 0.100000 0.143750 0.056250 0.056250
0 0.311719 0.597656 0.095312 0.095312
0 0.814063 0.371875 0.065625 0.065625
0 0.517188 0.378125 0.037500 0.037500
0 0.199219 0.027344 0.054688 0.054688
0 0.522656 0.927344 0.089063 0.089063
0 0.792969 0.438281 0.060937 0.060937
0 0.403125 0.910937 0.031250 0.031250
0 0.420312 0.239063 0.068750 0.068750
