0 0.025781 0.053906 0.035937 0.035937
0 0.745313 0.648438 0.075000 0.075000
0 0.084375 0.337500 0.068750 0.068750
0 0.752344 0.036719 0.042188 0.042188
0 0.425000 0.643750 0.034375 0.034375
0 0.673438 0.079687 0.084375 0.084375
0 0.925000 0.918750 0.065625 0.065625
0 0.736719 0.927344 0.085938 0.085938
0 0.751563 0.504687 0.050000 0.050000
0 0.222656 0.605469 0.060937 0.060937
0 0.856250 0.200000 0.081250 0.081250
0 0.510938 0.398438 0.034375 0.034375
0 0.246094 0.721094 0.089063 0.089063
0 0.557031 0.471094 0.073438 0.073438
0 0.901563 0.643750 0.056250 0.056250
0 0.294531 0.453906 0.042188 0.042188
0 0.350000 0.351562 0.046875 0.046875
0 0.567187 0.267188 0.071875 0.071875
0 0.145313 0.887500 0.053125 0.053125
0 0.834375 0.284375 0.043750 0.043750
