0 0.939844 0.541406 0.079687 0.079687
0 0.819531 0.961719 0.039062 0.039062
0 0.560937 0.373437 0.075000 0.075000
0 0.157031 0.130469 0.042188 0.042188
0 0.142187 0.635938 0.065625 0.065625
0 0.487500 0.162500 0.093750 0.093750
0 0.538281 0.644531 0.054688 0.054688
0 0.800000 0.350000 0.037500 0.037500
0 0.312500 0.914062 0.071875 0.071875
0 0.509375 0.884375 0.056250 0.056250
0 0.624219 0.536719 0.076563 0.076563
0 0.709375 0.748437 0.065625 0.065625
0 0.266406 0.107031 0.076563 0.076563
0 0.624219 0.113281 0.039062 0.039062
0 0.409375 0.523438 0.062500 0.062500
0 0.171094 0.475781 0.095312 0.095312
