0 0.178906 0.275781 0.064062 0.064062
0 0.201563 0.603125 0.031250 0.031250
0 0.178125 0.737500 0.065625 0.065625
0 0.736719 0.166406 0.098437 0.098437
0 0.550781 0.105469 0.067187 0.067187
0 0.314063 0.603125 0.031250 0.031250
0 0.538281 0.660156 0.082812 0.082812
0 0.148438 0.943750 0.081250 0.081250
0 0.392969 0.319531 0.064062 0.064062
0 0.373437 0.048438 0.075000 0.075000
0 0.557813 0.785937 0.078125 0.078125
0 0.083594 0.097656 0.035937 0.035937
0 0.771875 0.726562 0.084375 0.084375
0 0.935156 0.641406 0.032813 0.032813
0 0.889844 0.208594 0.045312 0.045312
0 0.687500 0.090625 0.037500 0.037500
