0 0.139844 0.516406 0.079687 0.079687
0 0.393750 0.521875 0.084375 0.084375
0 0.171094 0.200781 0.095312 0.095312
0 0.499219 0.421094 0.039062 0.039062
0 0.632031 0.661719 0.039062 0.039062
0 0.304688 0.621875 0.071875 0.071875
0 0.431250 0.051562 0.078125 0.078125
0 0.922656 0.263281 0.051562 0.051562
0 0.635938 0.246875 0.031250 0.031250
0 0.392969 0.911719 0.035937 0.035937
0 0.181250 0.292187 0.062500 0.062500
0 0.493750 0.148438 0.096875 0.096875
0 0.889062 0.454688 0.053125 0.053125
0 0.151562 0.090625 0.087500 0.087500
0 0.603906 0.441406 0.092188 0.092188
0 0.292187 0.217188 0.031250 0.031250
0 0.286719 0.924219 0.035937 0.035937
0 0.450781 0.863281 0.039062 0.039062
0 0.657813 0.051562 0.056250 0.056250
0 0.330469 0.396094 0.051562 0.051562
