0 0.520312 0.237500 0.034375 0.034375
0 0.191406 0.552344 0.035937 0.035937
0 0.871875 0.595313 0.046875 0.046875
0 0.912500 0.882812 0.084375 0.084375
0 0.295312 0.776563 0.075000 0.075000
0 0.082812 0.054688 0.093750 0.093750
0 0.437500 0.054688 0.046875 0.046875
0 0.653125 0.137500 0.053125 0.053125
0 0.202344 0.938281 0.098437 0.098437
0 0.324219 0.882031 0.082812 0.082812
0 0.236719 0.128906 0.085938 0.085938
0 0.282031 0.263281 0.054688 0.054688
0 0.079687 0.601562 0.090625 0.090625
0 0.528906 0.767969 0.048438 0.048438
0 0.036719 0.902344 0.042188 0.042188
0 0.053125 0.332813 0.087500 0.087500
0 0.134375 0.750000 0.096875 0.096875
0 0.199219 0.416406 0.048438 0.048438
0 0.591406 0.586719 0.042188 0.042188
