0 0.306250 0.660937 0.084375 0.084375
0 0.596875 0.343750 0.059375 0.059375
0 0.603906 0.713281 0.029687 0.029687
0 0.892969 0.702344 0.095312 0.095312
0 0.660937 0.265625 0.087500 0.087500
0 0.324219 0.564844 0.051562 0.051562
0 0.790625 0.809375 0.096875 0.096875
0 0.166406 0.933594 0.048438 0.048438
0 0.753125 0.101562 0.071875 0.071875
0 0.325781 0.838281 0.089063 0.089063
0 0.039062 0.114062 0.068750 0.068750
0 0.411719 0.916406 0.029687 0.029687
0 0.667969 0.444531 0.051562 0.051562
0 0.096875 0.571875 0.075000 0.075000
0 0.914062 0.423438 0.093750 0.093750
0 0.907031 0.880469 0.051562 0.051562
0 0.837500 0.371875 0.031250 0.031250
0 0.789062 0.434375 0.031250 0.031250
0 0.204687 0.573438 0.031250 0.031250
0 0.332031 0.461719 0.051562 0.051562
