0 0.199219 0.488281 0.051562 0.051562
0 0.816406 0.608594 0.042188 0.042188
0 0.411719 0.936719 0.073438 0.073438
0 0.843750 0.664062 0.037500 0.037500
0 0.192188 0.635938 0.075000 0.075000
0 0.446094 0.422656 0.089063 0.089063
0 0.696094 0.499219 0.035937 0.035937
0 0.654687 0.231250 0.081250 0.081250
0 0.046094 0.272656 0.076563 0.076563
0 0.528906 0.817969 0.073438 0.073438
0 0.721875 0.853125 0.078125 0.078125
0 0.169531 0.282031 0.039062 0.039062
0 0.559375 0.684375 0.031250 0.031250
0 0.174219 0.746094 0.082812 0.082812
0 0.434375 0.126562 0.065625 0.065625
0 0.320312 0.251563 0.078125 0.078125
