0 0.947656 0.182031 0.095312 0.095312
0 0.952344 0.785156 0.057813 0.057813
0 0.053906 0.317969 0.060937 0.060937
0 0.114844 0.453906 0.098437 0.098437
0 0.746875 0.862500 0.081250 0.081250
0 0.857031 0.428906 0.095312 0.095312
0 0.517969 0.685156 0.045312 0.045312
0 0.469531 0.264844 0.054688 0.054688
0 0.760156 0.222656 0.032813 0.032813
0 0.804688 0.301563 0.068750 0.068750
0 0.706250 0.087500 0.081250 0.081250
0 0.652344 0.582031 0.064062 0.064062
0 0.321875 0.545312 0.034375 0.034375
0 0.589063 0.893750 0.078125 0.078125
0 0.589844 0.194531 0.073438 0.073438
