0 0.347656 0.244531 0.095312 0.095312
0 0.289844 0.533594 0.032813 0.032813
0 0.103906 0.469531 0.045312 0.045312
0 0.226562 0.946875 0.093750 0.093750
0 0.269531 0.871094 0.051562 0.051562
0 0.606250 0.956250 0.071875 0.071875
0 0.921875 0.571875 0.075000 0.075000
0 0.645312 0.387500 0.071875 0.071875
0 0.314844 0.089844 0.067187 0.067187
0 0.443750 0.351562 0.075000 0.075000
0 0.455469 0.141406 0.089063 0.089063
0 0.889062 0.671875 0.053125 0.053125
0 0.743750 0.367188 0.056250 0.056250
0 0.603906 0.782031 0.076563 0.076563
0 0.707812 0.237500 0.084375 0.084375
0 0.178125 0.814063 0.096875 0.096875
