0 0.489063 0.512500 0.075000 0.075000
0 0.940625 0.523438 0.075000 0.075000
0 0.638281 0.547656 0.089063 0.089063
0 0.044531 0.794531 0.079687 0.079687
0 0.752344 0.367969 0.042188 0.042188
0 0.359375 0.454688 0.050000 0.050000
0 0.803906 0.450781 0.048438 0.048438
0 0.892969 0.649219 0.067187 0.067187
0 0.853125 0.592187 0.034375 0.034375
0 0.688281 0.753906 0.089063 0.089063
0 0.564063 0.809375 0.046875 0.046875
0 0.210938 0.539062 0.071875 0.071875
0 0.817969 0.546094 0.035937 0.035937
0 0.296875 0.151562 0.037500 0.037500
0 0.450000 0.393750 0.090625 0.090625
