0 0.228906 0.758594 0.051562 0.051562
0 0.968750 0.798438 0.037500 0.037500
0 0.296875 0.820312 0.056250 0.056250
0 0.148438 0.353125 0.037500 0.037500
0 0.816406 0.685156 0.098437 0.098437
0 0.506250 0.665625 0.043750 0.043750
0 0.632812 0.640625 0.087500 0.087500
0 0.055469 0.385156 0.076563 0.076563
0 0.789844 0.527344 0.095312 0.095312
0 0.183594 0.955469 0.045312 0.045312
0 0.146094 0.285156 0.085938 0.085938
0 0.496875 0.154688 0.059375 0.059375
0 0.640625 0.776563 0.084375 0.084375
0 0.174219 0.674219 0.057813 0.057813
0 0.232031 0.230469 0.045312 0.045312
0 0.891406 0.817969 0.089063 0.089063
