0 0.310937 0.868750 0.034375 0.034375
0 0.189062 0.173437 0.087500 0.087500
0 0.937500 0.071875 0.062500 0.062500
0 0.782031 0.136719 0.076563 0.076563
0 0.359375 0.278125 0.062500 0.062500
0 0.193750 0.712500 0.056250 0.056250
0 0.673438 0.089063 0.043750 0.043750
0 0.953125 0.975000 0.037500 0.037500
0 0.442188 0.160938 0.065625 0.065625
0 0.420312 0.826562 0.053125 0.053125
0 0.939063 0.512500 0.090625 0.090625
0 0.972656 0.786719 0.042188 0.042188
0 0.366406 0.897656 0.029687 0.029687
0 0.428906 0.508594 0.070312 0.070312
0 0.569531 0.894531 0.085938 0.085938
0 0.686719 0.408594 0.035937 0.035937
0 0.236719 0.411719 0.095312 0.095312
