0 0.271875 0.378125 0.034375 0.034375
0 0.144531 0.316406 0.079687 0.079687
0 0.981250 0.901563 0.037500 0.037500
0 0.774219 0.175781 0.085938 0.085938
0 0.279687 0.773438 0.084375 0.084375
0 0.890625 0.439063 0.075000 0.075000
0 0.271094 0.849219 0.057813 0.057813
0 0.760156 0.074219 0.048438 0.048438
0 0.714844 0.785156 0.089063 0.089063
0 0.503906 0.289844 0.045312 0.045312
0 0.888281 0.635156 0.079687 0.079687
0 0.556250 0.485938 0.043750 0.043750
0 0.858594 0.094531 0.051562 0.051562
0 0.697656 0.672656 0.064062 0.064062
0 0.816406 0.433594 0.029687 0.029687
0 0.829688 0.882812 0.071875 0.071875
0 0.391406 0.389844 0.070312 0.070312
0 0.403125 0.529687 0.090625 0.090625
0 0.825000 0.365625 0.062500 0.062500
0 0.265625 0.518750 0.046875 0.046875
