0 0.426563 0.126562 0.096875 0.096875
0 0.741406 0.571094 0.073438 0.073438
0 0.805469 0.294531 0.082812 0.082812
0 0.470313 0.768750 0.040625 0.040625
0 0.395313 0.718750 0.062500 0.062500
0 0.140625 0.728125 0.084375 0.084375
0 0.039062 0.804688 0.037500 0.037500
0 0.135937 0.845313 0.046875 0.046875
0 0.823438 0.160938 0.034375 0.034375
0 0.690625 0.710938 0.043750 0.043750
0 0.494531 0.261719 0.082812 0.082812
0 0.553906 0.669531 0.054688 0.054688
0 0.972656 0.108594 0.045312 0.045312
0 0.628906 0.400781 0.067187 0.067187
0 0.685937 0.937500 0.084375 0.084375
0 0.724219 0.647656 0.048438 0.048438
0 0.910156 0.710156 0.051562 0.051562
0 0.035156 0.477344 0.064062 0.064062
0 0.883594 0.916406 0.095312 0.095312
0 0.285156 0.689844 0.070312 0.070312
