0 0.368750 0.231250 0.040625 0.040625
0 0.197656 0.163281 0.073438 0.073438
0 0.450781 0.672656 0.048438 0.048438
0 0.292969 0.594531 0.073438 0.073438
0 0.476562 0.887500 0.090625 0.090625
0 0.375000 0.829688 0.096875 0.096875
0 0.878125 0.346875 0.028125 0.028125
0 0.589063 0.634375 0.062500 0.062500
0 0.571875 0.720313 0.059375 0.059375
0 0.979688 0.739062 0.034375 0.034375
0 0.797656 0.192969 0.092188 0.092188
0 0.864844 0.914844 0.085938 0.085938
0 0.023438 0.270313 0.031250 0.031250
0 0.277344 0.338281 0.089063 0.089063
0 0.923438 0.757812 0.050000 0.050000
0 0.454688 0.379688 0.084375 0.084375
0 0.915625 0.282813 0.065625 0.065625
