0 0.232813 0.439063 0.090625 0.090625
0 0.851562 0.353125 0.053125 0.053125
0 0.593750 0.793750 0.096875 0.096875
0 0.438281 0.189844 0.067187 0.067187
0 0.055469 0.378906 0.060937 0.060937
0 0.839844 0.246094 0.060937 0.060937
0 0.138281 0.894531 0.073438 0.073438
0 0.466406 0.813281 0.089063 0.089063
0 0.700000 0.864062 0.096875 0.096875
0 0.175000 0.512500 0.043750 0.043750
0 0.227344 0.221094 0.085938 0.085938
0 0.189844 0.961719 0.048438 0.048438
0 0.728125 0.418750 0.062500 0.062500
0 0.736719 0.616406 0.042188 0.042188
0 0.321094 0.850781 0.082812 0.082812
0 0.613281 0.272656 0.032813 0.032813
0 0.321875 0.487500 0.034375 0.034375
