0 0.430469 0.286719 0.095312 0.095312
0 0.256250 0.382812 0.090625 0.090625
0 0.773438 0.164062 0.056250 0.056250
0 0.851562 0.837500 0.046875 0.046875
0 0.149219 0.760156 0.067187 0.067187
0 0.720313 0.868750 0.056250 0.056250
0 0.554688 0.434375 0.096875 0.096875
0 0.121875 0.134375 0.037500 0.037500
0 0.719531 0.347656 0.060937 0.060937
0 0.400781 0.175781 0.064062 0.064062
0 0.645312 0.681250 0.078125 0.078125
0 0.057031 0.536719 0.082812 0.082812
0 0.331250 0.835938 0.056250 0.056250
0 0.462500 0.664062 0.062500 0.062500
