0 0.264844 0.697656 0.057813 0.057813
0 0.616406 0.567969 0.098437 0.098437
0 0.577344 0.267969 0.073438 0.073438
0 0.879687 0.660937 0.056250 0.056250
0 0.185156 0.402344 0.064062 0.064062
0 0.383594 0.807031 0.089063 0.089063
0 0.397656 0.608594 0.054688 0.054688
0 0.133594 0.663281 0.073438 0.073438
0 0.968750 0.910937 0.059375 0.059375
0 0.790625 0.887500 0.093750 0.093750
0 0.921875 0.045312 0.043750 0.043750
0 0.058594 0.082031 0.098437 0.098437
0 0.405469 0.147656 0.098437 0.098437
0 0.403125 0.371875 0.062500 0.062500
