0 0.071094 0.857031 0.029687 0.029687
0 0.186719 0.728906 0.098437 0.098437
0 0.412500 0.651563 0.031250 0.031250
0 0.414844 0.478906 0.098437 0.098437
0 0.277344 0.199219 0.064062 0.064062
0 0.289062 0.940625 0.081250 0.081250
0 0.157031 0.135156 0.079687 0.079687
0 0.563281 0.127344 0.092188 0.092188
0 0.440625 0.171875 0.065625 0.065625
0 0.939844 0.932031 0.085938 0.085938
0 0.700000 0.964063 0.037500 0.037500
0 0.707812 0.740625 0.090625 0.090625
0 0.840625 0.392188 0.075000 0.075000
0 0.609375 0.367188 0.050000 0.050000
