0 0.587500 0.668750 0.034375 0.034375
0 0.776563 0.015625 0.031250 0.031250
0 0.417969 0.916406 0.045312 0.045312
0 0.353125 0.729688 0.062500 0.062500
0 0.884375 0.151562 0.075000 0.075000
0 0.375781 0.146094 0.051562 0.051562
0 0.479687 0.385937 0.075000 0.075000
0 0.663281 0.763281 0.035937 0.035937
0 0.522656 0.267969 0.095312 0.095312
0 0.806250 0.470313 0.037500 0.037500
0 0.479687 0.056250 0.031250 0.031250
0 0.821094 0.686719 0.098437 0.098437
0 0.242188 0.057813 0.093750 0.093750
0 0.147656 0.422656 0.085938 0.085938
0 0.564063 0.920312 0.031250 0.031250
0 0.942187 0.328125 0.059375 0.059375
0 0.215625 0.293750 0.081250 0.081250
0 0.034375 0.567187 0.062500 0.062500
