0 0.720313 0.854688 0.059375 0.059375
0 0.439844 0.071094 0.048438 0.048438
0 0.457031 0.161719 0.098437 0.098437
0 0.516406 0.413281 0.082812 0.082812
0 0.624219 0.489844 0.085938 0.085938
0 0.401562 0.854688 0.059375 0.059375
0 0.634375 0.932813 0.068750 0.068750
0 0.137500 0.275000 0.040625 0.040625
0 0.243750 0.714063 0.056250 0.056250
0 0.936719 0.347656 0.054688 0.054688
0 0.856250 0.339062 0.053125 0.053125
0 0.744531 0.728906 0.045312 0.045312
0 0.828906 0.830469 0.060937 0.060937
0 0.980469 0.244531 0.039062 0.039062
0 0.489844 0.260156 0.060937 0.060937
0 0.221094 0.563281 0.098437 0.098437
