0 0.603125 0.417187 0.093750 0.093750
0 0.207031 0.096094 0.070312 0.070312
0 0.440625 0.884375 0.087500 0.087500
0 0.522656 0.224219 0.045312 0.045312
0 0.856250 0.250000 0.075000 0.075000
0 0.140625 0.226562 0.068750 0.068750
0 0.674219 0.582031 0.064062 0.064062
0 0.769531 0.425781 0.082812 0.082812
0 0.600000 0.957812 0.078125 0.078125
0 0.477344 0.388281 0.089063 0.089063
0 0.811719 0.538281 0.067187 0.067187
0 0.686719 0.736719 0.073438 0.073438
0 0.042969 0.474219 0.051562 0.051562
0 0.445312 0.239063 0.068750 0.068750
