0 0.560156 0.325781 0.092188 0.092188
0 0.339062 0.246875 0.053125 0.053125
0 0.569531 0.113281 0.032813 0.032813
0 0.867188 0.250000 0.081250 0.081250
0 0.504687 0.129688 0.034375 0.034375
0 0.694531 0.746094 0.051562 0.051562
0 0.652344 0.842969 0.073438 0.073438
0 0.443750 0.229687 0.084375 0.084375
0 0.862500 0.018750 0.034375 0.034375
0 0.529687 0.815625 0.096875 0.096875
0 0.123438 0.182812 0.059375 0.059375
0 0.683594 0.602344 0.098437 0.098437
0 0.500781 0.513281 0.060937 0.060937
0 0.776563 0.100000 0.065625 0.065625
0 0.164062 0.864062 0.096875 0.096875
0 0.108594 0.085156 0.051562 0.051562
0 0.199219 0.324219 0.054688 0.054688
