0 0.557031 0.974219 0.039062 0.039062
0 0.907813 0.829688 0.068750 0.068750
0 0.460938 0.431250 0.081250 0.081250
0 0.694531 0.553906 0.032813 0.032813
0 0.930469 0.635156 0.089063 0.089063
0 0.841406 0.264844 0.070312 0.070312
0 0.942969 0.285156 0.029687 0.029687
0 0.260156 0.082031 0.054688 0.054688
0 0.383594 0.949219 0.095312 0.095312
0 0.489063 0.898438 0.037500 0.037500
0 0.178125 0.700000 0.056250 0.056250
0 0.072656 0.316406 0.057813 0.057813
0 0.810156 0.666406 0.079687 0.079687
0 0.228125 0.173437 0.081250 0.081250
0 0.370312 0.212500 0.068750 0.068750
0 0.164844 0.574219 0.048438 0.048438
