0 0.773438 0.943750 0.071875 0.071875
0 0.092969 0.914844 0.039062 0.039062
0 0.631250 0.389062 0.043750 0.043750
0 0.463281 0.071094 0.070312 0.070312
0 0.040625 0.332813 0.075000 0.075000
0 0.482812 0.406250 0.087500 0.087500
0 0.665625 0.520312 0.053125 0.053125
0 0.435937 0.492188 0.050000 0.050000
0 0.811719 0.652344 0.054688 0.054688
0 0.314063 0.879687 0.040625 0.040625
0 0.129688 0.234375 0.046875 0.046875
0 0.094531 0.536719 0.045312 0.045312
0 0.446094 0.946094 0.029687 0.029687
0 0.257031 0.338281 0.045312 0.045312
0 0.163281 0.050781 0.092188 0.092188
0 0.669531 0.228906 0.070312 0.070312
0 0.316406 0.238281 0.070312 0.070312
0 0.166406 0.891406 0.060937 0.060937
