0 0.514062 0.515625 0.040625 0.040625
0 0.700000 0.264062 0.084375 0.084375
0 0.392188 0.081250 0.093750 0.093750
0 0.180469 0.557031 0.057813 0.057813
0 0.401562 0.667188 0.081250 0.081250
0 0.324219 0.430469 0.032813 0.032813
0 0.407813 0.832812 0.034375 0.034375
0 0.428906 0.725781 0.032813 0.032813
0 0.877344 0.146094 0.076563 0.076563
0 0.257031 0.658594 0.079687 0.079687
0 0.865625 0.348438 0.068750 0.068750
0 0.621094 0.155469 0.092188 0.092188
0 0.578906 0.061719 0.085938 0.085938
0 0.754687 0.559375 0.065625 0.065625
0 0.725000 0.900000 0.037500 0.037500
0 0.769531 0.146094 0.082812 0.082812
0 0.376563 0.268750 0.093750 0.093750
