0 0.460156 0.599219 0.035937 0.035937
0 0.096094 0.571094 0.032813 0.032813
0 0.328125 0.284375 0.046875 0.046875
0 0.783594 0.610156 0.095312 0.095312
0 0.327344 0.760156 0.070312 0.070312
0 0.490625 0.943750 0.043750 0.043750
0 0.056250 0.226562 0.053125 0.053125
0 0.825000 0.240625 0.034375 0.034375
0 0.700000 0.287500 0.046875 0.046875
0 0.743750 0.775000 0.096875 0.096875
0 0.231250 0.262500 0.096875 0.096875
0 0.649219 0.908594 0.045312 0.045312
0 0.866406 0.819531 0.045312 0.045312
0 0.253906 0.685156 0.054688 0.054688
0 0.857031 0.705469 0.048438 0.048438
0 0.792969 0.875781 0.064062 0.064062
