0 0.601562 0.045312 0.031250 0.031250
0 0.774219 0.588281 0.067187 0.067187
0 0.237500 0.084375 0.059375 0.059375
0 0.895312 0.031250 0.056250 0.056250
0 0.543750 0.942187 0.046875 0.046875
0 0.396875 0.645312 0.040625 0.040625
0 0.150000 0.253125 0.043750 0.043750
0 0.885938 0.257812 0.081250 0.081250
0 0.467187 0.410938 0.078125 0.078125
0 0.141406 0.188281 0.042188 0.042188
0 0.143750 0.928125 0.037500 0.037500
0 0.241406 0.647656 0.051562 0.051562
0 0.217969 0.430469 0.045312 0.045312
0 0.532031 0.497656 0.092188 0.092188
0 0.655469 0.569531 0.076563 0.076563
0 0.517969 0.321094 0.029687 0.029687
0 0.045312 0.042188 0.065625 0.065625
