0 0.337500 0.568750 0.078125 0.078125
0 0.335938 0.746875 0.040625 0.040625
0 0.529687 0.923438 0.037500 0.037500
0 0.512500 0.673438 0.040625 0.040625
0 0.696875 0.204687 0.043750 0.043750
0 0.636719 0.564844 0.035937 0.035937
0 0.765625 0.125000 0.050000 0.050000
0 0.810156 0.900781 0.089063 0.089063
0 0.053906 0.172656 0.051562 0.051562
0 0.726562 0.807813 0.056250 0.056250
0 0.227344 0.528906 0.060937 0.060937
0 0.413281 0.855469 0.051562 0.051562
0 0.109375 0.815625 0.093750 0.093750
0 0.768750 0.314063 0.068750 0.068750
0 0.034375 0.031250 0.031250 0.031250
0 0.542969 0.308594 0.042188 0.042188
0 0.834375 0.051562 0.081250 0.081250
0 0.984375 0.250000 0.031250 0.031250
