0 0.811719 0.811719 0.073438 0.073438
0 0.880469 0.592969 0.035937 0.035937
0 0.583594 0.446094 0.045312 0.045312
0 0.947656 0.061719 0.060937 0.060937
0 0.303125 0.289062 0.062500 0.062500
0 0.767188 0.373437 0.084375 0.084375
0 0.595313 0.675000 0.053125 0.053125
0 0.907813 0.445312 0.071875 0.071875
0 0.430469 0.617969 0.054688 0.054688
0 0.420312 0.421875 0.068750 0.068750
0 0.929688 0.171875 0.043750 0.043750
0 0.283594 0.830469 0.073438 0.073438
0 0.921875 0.862500 0.065625 0.065625
0 0.395313 0.756250 0.050000 0.050000
0 0.775781 0.557031 0.029687 0.029687
0 0.120313 0.868750 0.068750 0.068750
0 0.663281 0.586719 0.067187 0.067187
0 0.525781 0.930469 0.054688 0.054688
