0 0.410156 0.638281 0.073438 0.073438
0 0.371875 0.259375 0.050000 0.050000
0 0.902344 0.127344 0.073438 0.073438
0 0.705469 0.071094 0.098437 0.098437
0 0.498437 0.726562 0.090625 0.090625
0 0.063281 0.900781 0.067187 0.067187
0 0.826562 0.778125 0.090625 0.090625
0 0.242188 0.929688 0.059375 0.059375
0 0.514844 0.171094 0.085938 0.085938
0 0.712500 0.200000 0.046875 0.046875
0 0.060937 0.350000 0.056250 0.056250
0 0.778906 0.685156 0.070312 0.070312
0 0.725781 0.338281 0.073438 0.073438
0 0.300000 0.703125 0.087500 0.087500
0 0.566406 0.460156 0.045312 0.045312
0 0.235156 0.797656 0.076563 0.076563
0 0.744531 0.538281 0.045312 0.045312
