0 0.861719 0.185156 0.064062 0.064062
0 0.778906 0.752344 0.076563 0.076563
0 0.139063 0.326562 0.050000 0.050000
0 0.141406 0.780469 0.085938 0.085938
0 0.302344 0.058594 0.060937 0.060937
0 0.800781 0.297656 0.085938 0.085938
0 0.872656 0.100781 0.067187 0.067187
0 0.777344 0.917969 0.098437 0.098437
0 0.378125 0.639062 0.093750 0.093750
0 0.293750 0.167187 0.093750 0.093750
0 0.334375 0.835938 0.093750 0.093750
0 0.194531 0.413281 0.048438 0.048438
0 0.530469 0.471094 0.054688 0.054688
0 0.206250 0.346875 0.071875 0.071875
0 0.307031 0.517969 0.060937 0.060937
