0 0.367969 0.483594 0.048438 0.048438
0 0.575781 0.661719 0.092188 0.092188
0 0.112500 0.101562 0.062500 0.062500
0 0.497656 0.097656 0.057813 0.057813
0 0.443750 0.510938 0.031250 0.031250
0 0.460156 0.888281 0.079687 0.079687
0 0.232031 0.203906 0.039062 0.039062
0 0.832812 0.528125 0.075000 0.075000
0 0.316406 0.214844 0.089063 0.089063
0 0.904687 0.398438 0.084375 0.084375
0 0.385156 0.738281 0.042188 0.042188
0 0.761719 0.430469 0.076563 0.076563
0 0.261719 0.066406 0.095312 0.095312
0 0.225781 0.563281 0.070312 0.070312
