0 0.218750 0.523438 0.093750 0.093750
0 0.855469 0.661719 0.032813 0.032813
0 0.284375 0.192188 0.084375 0.084375
0 0.113281 0.727344 0.089063 0.089063
0 0.634375 0.048438 0.050000 0.050000
0 0.496875 0.592187 0.031250 0.031250
0 0.407031 0.058594 0.076563 0.076563
0 0.964844 0.847656 0.051562 0.051562
0 0.935156 0.335156 0.039062 0.039062
0 0.270313 0.771875 0.059375 0.059375
0 0.584375 0.942187 0.053125 0.053125
0 0.173437 0.064062 0.081250 0.081250
0 0.509375 0.184375 0.062500 0.062500
0 0.542188 0.589063 0.056250 0.056250
