0 0.921094 0.810156 0.029687 0.029687
0 0.750781 0.610156 0.089063 0.089063
0 0.497656 0.866406 0.032813 0.032813
0 0.605469 0.511719 0.057813 0.057813
0 0.898438 0.306250 0.078125 0.078125
0 0.469531 0.786719 0.073438 0.073438
0 0.628906 0.157031 0.048438 0.048438
0 0.616406 0.286719 0.073438 0.073438
0 0.775781 0.892969 0.035937 0.035937
0 0.838281 0.874219 0.042188 0.042188
0 0.425781 0.647656 0.070312 0.070312
0 0.357812 0.968750 0.050000 0.050000
0 0.067969 0.667969 0.076563 0.076563
0 0.433594 0.549219 0.057813 0.057813
