0 0.169531 0.564844 0.048438 0.048438
0 0.809375 0.260937 0.071875 0.071875
0 0.121094 0.124219 0.048438 0.048438
0 0.050000 0.040625 0.059375 0.059375
0 0.622656 0.375781 0.029687 0.029687
0 0.357031 0.182031 0.067187 0.067187
0 0.214844 0.338281 0.089063 0.089063
0 0.884375 0.101562 0.093750 0.093750
0 0.660156 0.753906 0.032813 0.032813
0 0.312500 0.968750 0.031250 0.031250
0 0.217969 0.064844 0.067187 0.067187
0 0.410938 0.571875 0.078125 0.078125
0 0.944531 0.628906 0.076563 0.076563
0 0.121875 0.915625 0.056250 0.056250
