0 0.113281 0.277344 0.064062 0.064062
0 0.217969 0.875781 0.098437 0.098437
0 0.740625 0.506250 0.078125 0.078125
0 0.779687 0.364063 0.062500 0.062500
0 0.522656 0.480469 0.054688 0.054688
0 0.847656 0.735156 0.064062 0.064062
0 0.724219 0.263281 0.076563 0.076563
0 0.057813 0.489063 0.050000 0.050000
0 0.512500 0.796875 0.071875 0.071875
0 0.300781 0.241406 0.082812 0.082812
0 0.436719 0.463281 0.035937 0.035937
0 0.525781 0.119531 0.045312 0.045312
0 0.950781 0.421094 0.048438 0.048438
0 0.784375 0.953125 0.071875 0.071875
0 0.709375 0.371875 0.075000 0.075000
0 0.247656 0.611719 0.095312 0.095312
0 0.382031 0.224219 0.029687 0.029687
0 0.083594 0.080469 0.035937 0.035937
0 0.232031 0.238281 0.048438 0.048438
0 0.648438 0.914062 0.078125 0.078125
