0 0.750781 0.477344 0.082812 0.082812
0 0.061719 0.927344 0.070312 0.070312
0 0.901563 0.803125 0.078125 0.078125
0 0.264844 0.196094 0.045312 0.045312
0 0.446094 0.692969 0.054688 0.054688
0 0.300781 0.480469 0.048438 0.048438
0 0.217969 0.517969 0.039062 0.039062
0 0.032031 0.302344 0.029687 0.029687
0 0.355469 0.203906 0.079687 0.079687
0 0.862500 0.654687 0.043750 0.043750
0 0.223438 0.734375 0.075000 0.075000
0 0.402344 0.596094 0.035937 0.035937
0 0.380469 0.803906 0.070312 0.070312
0 0.815625 0.287500 0.043750 0.043750
0 0.703125 0.689063 0.075000 0.075000
0 0.044531 0.103906 0.082812 0.082812
0 0.906250 0.439063 0.034375 0.034375
0 0.631250 0.642188 0.050000 0.050000
0 0.717187 0.307812 0.071875 0.071875
