0 0.814844 0.253906 0.095312 0.095312
0 0.439063 0.546875 0.059375 0.059375
0 0.857812 0.476562 0.053125 0.053125
0 0.247656 0.052344 0.089063 0.089063
0 0.924219 0.191406 0.039062 0.039062
0 0.099219 0.083594 0.064062 0.064062
0 0.400000 0.628125 0.034375 0.034375
0 0.389844 0.842969 0.076563 0.076563
0 0.392188 0.207813 0.093750 0.093750
0 0.967969 0.961719 0.060937 0.060937
0 0.807031 0.588281 0.092188 0.092188
0 0.350781 0.932031 0.057813 0.057813
0 0.082812 0.564063 0.031250 0.031250
0 0.396875 0.440625 0.053125 0.053125
0 0.564844 0.663281 0.039062 0.039062
