0 0.396875 0.207813 0.053125 0.053125
0 0.081250 0.462500 0.084375 0.084375
0 0.622656 0.349219 0.089063 0.089063
0 0.864062 0.134375 0.096875 0.096875
0 0.492188 0.437500 0.087500 0.087500
0 0.808594 0.461719 0.067187 0.067187
0 0.187500 0.820312 0.059375 0.059375
0 0.703906 0.466406 0.079687 0.079687
0 0.296094 0.682031 0.060937 0.060937
0 0.239063 0.135937 0.046875 0.046875
0 0.970313 0.893750 0.043750 0.043750
0 0.605469 0.186719 0.079687 0.079687
0 0.428906 0.253906 0.029687 0.029687
0 0.983594 0.405469 0.032813 0.032813
0 0.376563 0.484375 0.059375 0.059375
0 0.242188 0.498437 0.093750 0.093750
0 0.957812 0.740625 0.078125 0.078125
0 0.376563 0.067187 0.037500 0.037500
0 0.247656 0.960156 0.045312 0.045312
0 0.913281 0.360156 0.095312 0.095312
