0 0.416406 0.375781 0.070312 0.070312
0 0.716406 0.102344 0.048438 0.048438
0 0.569531 0.658594 0.054688 0.054688
0 0.214844 0.627344 0.035937 0.035937
0 0.797656 0.324219 0.082812 0.082812
0 0.665625 0.687500 0.096875 0.096875
0 0.940625 0.493750 0.096875 0.096875
0 0.259375 0.951562 0.081250 0.081250
0 0.773438 0.648438 0.037500 0.037500
0 0.742188 0.468750 0.034375 0.034375
0 0.108594 0.741406 0.070312 0.070312
0 0.411719 0.607031 0.035937 0.035937
0 0.388281 0.246094 0.076563 0.076563
0 0.700781 0.049219 0.045312 0.045312
0 0.639062 0.432812 0.075000 0.075000
0 0.582812 0.889062 0.090625 0.090625
0 0.789062 0.048438 0.034375 0.034375
0 0.325781 0.361719 0.042188 0.042188
0 0.668750 0.279687 0.062500 0.062500
0 0.910156 0.091406 0.051562 0.051562
