0 0.738281 0.139844 0.070312 0.070312
0 0.104688 0.465625 0.037500 0.037500
0 0.016406 0.599219 0.029687 0.029687
0 0.307812 0.226562 0.065625 0.065625
0 0.157031 0.242969 0.045312 0.045312
0 0.198437 0.632812 0.090625 0.090625
0 0.417187 0.834375 0.034375 0.034375
0 0.467187 0.517188 0.050000 0.050000
0 0.690625 0.370312 0.087500 0.087500
0 0.443750 0.360938 0.065625 0.065625
0 0.639062 0.843750 0.034375 0.034375
0 0.095312 0.689063 0.090625 0.090625
0 0.595313 0.779687 0.084375 0.084375
0 0.939063 0.104688 0.084375 0.084375
0 0.328906 0.536719 0.082812 0.082812
0 0.628125 0.517188 0.078125 0.078125
0 0.657813 0.953125 0.068750 0.068750
0 0.932813 0.867188 0.065625 0.065625
0 0.114062 0.342187 0.075000 0.075000
