0 0.935937 0.212500 0.046875 0.046875
0 0.176563 0.895312 0.068750 0.068750
0 0.236719 0.872656 0.045312 0.045312
0 0.353125 0.684375 0.071875 0.071875
0 0.397656 0.232031 0.054688 0.054688
0 0.430469 0.477344 0.095312 0.095312
0 0.571094 0.944531 0.032813 0.032813
0 0.908594 0.285156 0.076563 0.076563
0 0.189844 0.628906 0.095312 0.095312
0 0.816406 0.078906 0.057813 0.057813
0 0.088281 0.516406 0.045312 0.045312
0 0.088281 0.619531 0.092188 0.092188
0 0.225781 0.444531 0.085938 0.085938
0 0.035156 0.222656 0.057813 0.057813
0 0.550781 0.774219 0.060937 0.060937
0 0.282031 0.933594 0.032813 0.032813
0 0.457813 0.143750 0.087500 0.087500
0 0.658594 0.025781 0.045312 0.045312
0 0.791406 0.577344 0.092188 0.092188
