0 0.942969 0.475781 0.082812 0.082812
0 0.838281 0.677344 0.054688 0.054688
0 0.984375 0.845313 0.031250 0.031250
0 0.547656 0.505469 0.051562 0.051562
0 0.407031 0.124219 0.098437 0.098437
0 0.214844 0.599219 0.057813 0.057813
0 0.576562 0.160938 0.090625 0.090625
0 0.428125 0.870313 0.093750 0.093750
0 0.762500 0.934375 0.050000 0.050000
0 0.250781 0.327344 0.029687 0.029687
0 0.864062 0.470313 0.053125 0.053125
0 0.565625 0.768750 0.037500 0.037500
0 0.075781 0.783594 0.048438 0.048438
0 0.800781 0.049219 0.073438 0.073438
0 0.738281 0.602344 0.082812 0.082812
0 0.342969 0.294531 0.076563 0.076563
0 0.390625 0.520312 0.065625 0.065625
