0 0.693750 0.209375 0.031250 0.031250
0 0.570312 0.850000 0.084375 0.084375
0 0.217969 0.167969 0.089063 0.089063
0 0.248438 0.698438 0.050000 0.050000
0 0.917188 0.807813 0.031250 0.031250
0 0.968750 0.312500 0.043750 0.043750
0 0.785937 0.082812 0.093750 0.093750
0 0.763281 0.183594 0.098437 0.098437
0 0.912500 0.640625 0.043750 0.043750
0 0.817187 0.700000 0.031250 0.031250
0 0.039844 0.955469 0.039062 0.039062
0 0.593750 0.523438 0.081250 0.081250
0 0.139844 0.710156 0.035937 0.035937
0 0.785937 0.850000 0.096875 0.096875
0 0.135937 0.396875 0.096875 0.096875
0 0.517188 0.934375 0.050000 0.050000
