0 0.597656 0.461719 0.098437 0.098437
0 0.561719 0.086719 0.045312 0.045312
0 0.656250 0.275000 0.040625 0.040625
0 0.107813 0.085938 0.043750 0.043750
0 0.478906 0.882031 0.064062 0.064062
0 0.384375 0.064062 0.046875 0.046875
0 0.171094 0.766406 0.035937 0.035937
0 0.757812 0.310937 0.062500 0.062500
0 0.837500 0.762500 0.053125 0.053125
0 0.232813 0.873437 0.093750 0.093750
0 0.771094 0.199219 0.085938 0.085938
0 0.221094 0.374219 0.095312 0.095312
0 0.689844 0.883594 0.076563 0.076563
0 0.472656 0.400781 0.064062 0.064062
