0 0.352344 0.838281 0.085938 0.085938
0 0.782813 0.464062 0.081250 0.081250
0 0.550000 0.456250 0.093750 0.093750
0 0.183594 0.850781 0.060937 0.060937
0 0.146094 0.530469 0.060937 0.060937
0 0.919531 0.088281 0.085938 0.085938
0 0.589844 0.313281 0.085938 0.085938
0 0.559375 0.965625 0.050000 0.050000
0 0.259375 0.828125 0.071875 0.071875
0 0.180469 0.652344 0.029687 0.029687
0 0.401562 0.970313 0.056250 0.056250
0 0.876563 0.443750 0.084375 0.084375
0 0.819531 0.078906 0.042188 0.042188
0 0.244531 0.441406 0.042188 0.042188
0 0.657031 0.739844 0.039062 0.039062
0 0.694531 0.583594 0.029687 0.029687
0 0.207031 0.196094 0.095312 0.095312
0 0.898438 0.306250 0.062500 0.062500
0 0.036719 0.763281 0.073438 0.073438
