0 0.258594 0.260156 0.067187 0.067187
0 0.039062 0.723437 0.068750 0.068750
0 0.733594 0.803906 0.089063 0.089063
0 0.764062 0.271875 0.062500 0.062500
0 0.332813 0.353125 0.053125 0.053125
0 0.222656 0.794531 0.067187 0.067187
0 0.248438 0.060937 0.053125 0.053125
0 0.682813 0.223438 0.037500 0.037500
0 0.636719 0.344531 0.079687 0.079687
0 0.691406 0.060156 0.064062 0.064062
0 0.033594 0.869531 0.045312 0.045312
0 0.567187 0.728125 0.062500 0.062500
0 0.760938 0.592187 0.065625 0.065625
0 0.787500 0.901563 0.053125 0.053125
0 0.183594 0.680469 0.079687 0.079687
0 0.805469 0.146094 0.057813 0.057813
0 0.408594 0.849219 0.085938 0.085938
0 0.485938 0.507812 0.037500 0.037500
0 0.391406 0.774219 0.057813 0.057813
