0 0.057813 0.332813 0.059375 0.059375
0 0.205469 0.735156 0.032813 0.032813
0 0.587500 0.873437 0.096875 0.096875
0 0.873437 0.820312 0.037500 0.037500
0 0.783594 0.466406 0.073438 0.073438
0 0.145313 0.628125 0.090625 0.090625
0 0.358594 0.938281 0.051562 0.051562
0 0.749219 0.803906 0.060937 0.060937
0 0.264062 0.767188 0.040625 0.040625
0 0.948438 0.034375 0.031250 0.031250
0 0.824219 0.689844 0.032813 0.032813
0 0.565625 0.535937 0.071875 0.071875
0 0.910937 0.029687 0.037500 0.037500
0 0.755469 0.341406 0.098437 0.098437
0 0.089063 0.271875 0.034375 0.034375
0 0.385156 0.332031 0.060937 0.060937
0 0.120313 0.960938 0.078125 0.078125
0 0.183594 0.860156 0.060937 0.060937
0 0.927344 0.672656 0.042188 0.042188
