0 0.965625 0.053125 0.056250 0.056250
0 0.143750 0.654687 0.031250 0.031250
0 0.682031 0.535156 0.079687 0.079687
0 0.578906 0.232031 0.064062 0.064062
0 0.211719 0.741406 0.042188 0.042188
0 0.358594 0.632031 0.067187 0.067187
0 0.943750 0.664062 0.037500 0.037500
0 0.857812 0.904687 0.065625 0.065625
0 0.213281 0.264844 0.045312 0.045312
0 0.035156 0.471094 0.042188 0.042188
0 0.862500 0.529687 0.084375 0.084375
0 0.127344 0.069531 0.073438 0.073438
0 0.953125 0.967187 0.034375 0.034375
0 0.388281 0.922656 0.079687 0.079687
0 0.930469 0.525781 0.042188 0.042188
0 0.093750 0.575000 0.084375 0.084375
