0 0.654687 0.921875 0.031250 0.031250
0 0.657031 0.238281 0.057813 0.057813
0 0.403125 0.920312 0.068750 0.068750
0 0.571875 0.500000 0.096875 0.096875
0 0.882812 0.796875 0.056250 0.056250
0 0.522656 0.746094 0.048438 0.048438
0 0.542969 0.657031 0.089063 0.089063
0 0.122656 0.397656 0.064062 0.064062
0 0.436719 0.546094 0.051562 0.051562
0 0.228906 0.221094 0.048438 0.048438
0 0.154688 0.075000 0.050000 0.050000
0 0.514844 0.372656 0.042188 0.042188
0 0.785156 0.492969 0.029687 0.029687
0 0.426563 0.670312 0.037500 0.037500
0 0.722656 0.847656 0.095312 0.095312
0 0.300000 0.170313 0.043750 0.043750
