0 0.401562 0.825000 0.046875 0.046875
0 0.620313 0.590625 0.068750 0.068750
0 0.814063 0.164062 0.087500 0.087500
0 0.692187 0.070312 0.059375 0.059375
0 0.412500 0.957812 0.056250 0.056250
0 0.896094 0.675781 0.042188 0.042188
0 0.044531 0.871094 0.048438 0.048438
0 0.188281 0.760156 0.042188 0.042188
0 0.253125 0.682813 0.040625 0.040625
0 0.370312 0.087500 0.037500 0.037500
0 0.950000 0.428125 0.046875 0.046875
0 0.555469 0.239844 0.070312 0.070312
0 0.327344 0.214844 0.067187 0.067187
0 0.325000 0.562500 0.031250 0.031250
0 0.684375 0.354687 0.031250 0.031250
0 0.118750 0.332813 0.037500 0.037500
0 0.303906 0.339844 0.095312 0.095312
0 0.846875 0.856250 0.037500 0.037500
0 0.825000 0.731250 0.046875 0.046875
0 0.358594 0.741406 0.073438 0.073438
