0 0.784375 0.170313 0.078125 0.078125
0 0.200781 0.288281 0.098437 0.098437
0 0.540625 0.776563 0.096875 0.096875
0 0.559375 0.665625 0.075000 0.075000
0 0.246094 0.422656 0.035937 0.035937
0 0.905469 0.039844 0.032813 0.032813
0 0.288281 0.635156 0.073438 0.073438
0 0.718750 0.400000 0.087500 0.087500
0 0.935937 0.323437 0.071875 0.071875
0 0.153125 0.559375 0.053125 0.053125
0 0.417969 0.242969 0.082812 0.082812
0 0.357031 0.377344 0.029687 0.029687
0 0.600000 0.359375 0.050000 0.050000
0 0.903906 0.453906 0.042188 0.042188
