0 0.839844 0.124219 0.054688 0.054688
0 0.490625 0.601562 0.096875 0.096875
0 0.126562 0.728125 0.062500 0.062500
0 0.784375 0.854688 0.059375 0.059375
0 0.544531 0.786719 0.095312 0.095312
0 0.150000 0.225000 0.096875 0.096875
0 0.203906 0.417969 0.082812 0.082812
0 0.952344 0.372656 0.032813 0.032813
0 0.310937 0.496875 0.071875 0.071875
0 0.167187 0.860938 0.093750 0.093750
0 0.842187 0.068750 0.043750 0.043750
0 0.334375 0.918750 0.087500 0.087500
0 0.569531 0.052344 0.082812 0.082812
0 0.128906 0.369531 0.054688 0.054688
0 0.067187 0.520312 0.071875 0.071875
0 0.909375 0.829688 0.062500 0.062500
0 0.746094 0.114844 0.067187 0.067187
0 0.452344 0.841406 0.032813 0.032813
0 0.333594 0.333594 0.035937 0.035937
