0 0.748437 0.296875 0.056250 0.056250
0 0.415625 0.514062 0.043750 0.043750
0 0.176563 0.895312 0.050000 0.050000
0 0.857812 0.429688 0.040625 0.040625
0 0.761719 0.424219 0.035937 0.035937
0 0.433594 0.177344 0.032813 0.032813
0 0.835156 0.947656 0.073438 0.073438
0 0.469531 0.707031 0.029687 0.029687
0 0.353906 0.524219 0.064062 0.064062
0 0.743750 0.829688 0.075000 0.075000
0 0.475781 0.178906 0.045312 0.045312
0 0.224219 0.092969 0.042188 0.042188
0 0.611719 0.171094 0.070312 0.070312
0 0.235937 0.918750 0.059375 0.059375
