0 0.476562 0.671875 0.040625 0.040625
0 0.457813 0.523438 0.053125 0.053125
0 0.350000 0.926562 0.075000 0.075000
0 0.928125 0.339062 0.084375 0.084375
0 0.129688 0.743750 0.068750 0.068750
0 0.666406 0.885156 0.064062 0.064062
0 0.080469 0.560156 0.054688 0.054688
0 0.589063 0.046875 0.043750 0.043750
0 0.910156 0.753906 0.048438 0.048438
0 0.514844 0.305469 0.035937 0.035937
0 0.553906 0.735156 0.085938 0.085938
0 0.317188 0.423438 0.046875 0.046875
0 0.487500 0.598437 0.081250 0.081250
0 0.509375 0.351562 0.031250 0.031250
0 0.260156 0.092969 0.098437 0.098437
0 0.120313 0.621875 0.059375 0.059375
