0 0.574219 0.263281 0.079687 0.079687
0 0.905469 0.092969 0.042188 0.042188
0 0.298438 0.775000 0.096875 0.096875
0 0.720313 0.506250 0.081250 0.081250
0 0.904687 0.956250 0.062500 0.062500
0 0.403125 0.171875 0.081250 0.081250
0 0.197656 0.885156 0.045312 0.045312
0 0.546094 0.421094 0.045312 0.045312
0 0.940625 0.640625 0.075000 0.075000
0 0.087500 0.789062 0.050000 0.050000
0 0.953906 0.494531 0.067187 0.067187
0 0.823438 0.256250 0.046875 0.046875
0 0.874219 0.160156 0.064062 0.064062
0 0.914844 0.264844 0.085938 0.085938
0 0.418750 0.343750 0.056250 0.056250
0 0.331250 0.875000 0.043750 0.043750
0 0.600000 0.548438 0.043750 0.043750
