0 0.936719 0.419531 0.085938 0.085938
0 0.282813 0.643750 0.071875 0.071875
0 0.313281 0.558594 0.051562 0.051562
0 0.849219 0.944531 0.076563 0.076563
0 0.896094 0.353906 0.029687 0.029687
0 0.747656 0.452344 0.076563 0.076563
0 0.922656 0.674219 0.098437 0.098437
0 0.260156 0.436719 0.054688 0.054688
0 0.764062 0.179688 0.034375 0.034375
0 0.450000 0.598437 0.046875 0.046875
0 0.181250 0.731250 0.037500 0.037500
0 0.728125 0.373437 0.046875 0.046875
0 0.212500 0.285938 0.062500 0.062500
0 0.842969 0.036719 0.032813 0.032813
