0 0.240625 0.181250 0.084375 0.084375
0 0.182812 0.492188 0.046875 0.046875
0 0.300000 0.782813 0.050000 0.050000
0 0.242188 0.640625 0.093750 0.093750
0 0.337500 0.673438 0.062500 0.062500
0 0.200000 0.887500 0.062500 0.062500
0 0.490625 0.962500 0.043750 0.043750
0 0.106250 0.339062 0.046875 0.046875
0 0.278906 0.857031 0.032813 0.032813
0 0.503125 0.481250 0.034375 0.034375
0 0.545312 0.968750 0.056250 0.056250
0 0.078125 0.496875 0.075000 0.075000
0 0.096875 0.239063 0.053125 0.053125
0 0.636719 0.864844 0.060937 0.060937
0 0.851562 0.245312 0.059375 0.059375
0 0.335938 0.521875 0.084375 0.084375
0 0.189844 0.275781 0.045312 0.045312
