0 0.910156 0.471094 0.039062 0.039062
0 0.470313 0.195312 0.053125 0.053125
0 0.478125 0.103125 0.090625 0.090625
0 0.155469 0.414844 0.035937 0.035937
0 0.685937 0.414062 0.056250 0.056250
0 0.254688 0.835938 0.093750 0.093750
0 0.254688 0.548438 0.053125 0.053125
0 0.930469 0.078906 0.073438 0.073438
0 0.050781 0.710156 0.070312 0.070312
0 0.211719 0.311719 0.070312 0.070312
0 0.114844 0.036719 0.070312 0.070312
0 0.145313 0.853125 0.031250 0.031250
0 0.830469 0.683594 0.073438 0.073438
0 0.886719 0.528906 0.045312 0.045312
0 0.754687 0.582812 0.043750 0.043750
0 0.214844 0.035156 0.060937 0.060937
0 0.402344 0.780469 0.032813 0.032813
0 0.892188 0.259375 0.096875 0.096875
0 0.315625 0.535937 0.065625 0.065625
0 0.970313 0.745313 0.034375 0.034375
