0 0.211719 0.836719 0.060937 0.060937
0 0.413281 0.546094 0.035937 0.035937
0 0.510938 0.314063 0.046875 0.046875
0 0.728906 0.086719 0.048438 0.048438
0 0.268750 0.071875 0.053125 0.053125
0 0.282813 0.826562 0.043750 0.043750
0 0.260937 0.164062 0.056250 0.056250
0 0.679688 0.468750 0.096875 0.096875
0 0.078125 0.857812 0.043750 0.043750
0 0.825781 0.946094 0.076563 0.076563
0 0.921875 0.504687 0.056250 0.056250
0 0.523438 0.640625 0.046875 0.046875
0 0.935156 0.686719 0.070312 0.070312
0 0.750781 0.761719 0.079687 0.079687
