0 0.239844 0.910156 0.029687 0.029687
0 0.167969 0.113281 0.067187 0.067187
0 0.562500 0.137500 0.040625 0.040625
0 0.525000 0.256250 0.043750 0.043750
0 0.261719 0.252344 0.098437 0.098437
0 0.922656 0.602344 0.082812 0.082812
0 0.655469 0.553906 0.029687 0.029687
0 0.216406 0.774219 0.092188 0.092188
0 0.676562 0.125000 0.081250 0.081250
0 0.787500 0.092188 0.046875 0.046875
0 0.401562 0.264062 0.078125 0.078125
0 0.415625 0.942187 0.059375 0.059375
0 0.467969 0.347656 0.051562 0.051562
0 0.860156 0.061719 0.095312 0.095312
