0 0.696094 0.603906 0.051562 0.051562
0 0.496875 0.334375 0.062500 0.062500
0 0.016406 0.877344 0.029687 0.029687
0 0.848437 0.626563 0.043750 0.043750
0 0.846094 0.571094 0.029687 0.029687
0 0.632031 0.371094 0.057813 0.057813
0 0.918750 0.682813 0.040625 0.040625
0 0.931250 0.232813 0.078125 0.078125
0 0.139844 0.114844 0.092188 0.092188
0 0.360938 0.864062 0.034375 0.034375
0 0.089063 0.029687 0.031250 0.031250
0 0.865625 0.201563 0.040625 0.040625
0 0.601562 0.093750 0.084375 0.084375
0 0.476562 0.223438 0.075000 0.075000
0 0.628125 0.295312 0.075000 0.075000
0 0.070312 0.690625 0.090625 0.090625
0 0.278125 0.378125 0.090625 0.090625
0 0.683594 0.735156 0.079687 0.079687
0 0.873437 0.890625 0.084375 0.084375
0 0.044531 0.474219 0.085938 0.085938
