0 0.649219 0.682031 0.089063 0.089063
0 0.339844 0.038281 0.057813 0.057813
0 0.782031 0.738281 0.039062 0.039062
0 0.052344 0.914844 0.079687 0.079687
0 0.180469 0.666406 0.042188 0.042188
0 0.766406 0.524219 0.045312 0.045312
0 0.832812 0.773438 0.043750 0.043750
0 0.306250 0.578125 0.096875 0.096875
0 0.164844 0.486719 0.057813 0.057813
0 0.087500 0.750000 0.062500 0.062500
0 0.095312 0.506250 0.078125 0.078125
0 0.059375 0.362500 0.093750 0.093750
0 0.931250 0.909375 0.093750 0.093750
0 0.868750 0.489063 0.031250 0.031250
0 0.217969 0.380469 0.051562 0.051562
0 0.632031 0.852344 0.076563 0.076563
0 0.943750 0.648438 0.050000 0.050000
0 0.485938 0.065625 0.084375 0.084375
