0 0.044531 0.800781 0.089063 0.089063
0 0.956250 0.403125 0.062500 0.062500
0 0.575781 0.253906 0.042188 0.042188
0 0.353125 0.339062 0.084375 0.084375
0 0.875781 0.836719 0.029687 0.029687
0 0.821094 0.333594 0.085938 0.085938
0 0.703906 0.310156 0.085938 0.085938
0 0.456250 0.064062 0.034375 0.034375
0 0.709375 0.187500 0.059375 0.059375
0 0.617969 0.117969 0.045312 0.045312
0 0.807031 0.438281 0.060937 0.060937
0 0.732812 0.776563 0.090625 0.090625
0 0.971094 0.617969 0.035937 0.035937
0 0.052344 0.035156 0.060937 0.060937
0 0.458594 0.407031 0.070312 0.070312
0 0.140625 0.745313 0.050000 0.050000
