0 0.492188 0.231250 0.090625 0.090625
0 0.865625 0.648438 0.031250 0.031250
0 0.393750 0.253125 0.084375 0.084375
0 0.840625 0.307812 0.031250 0.031250
0 0.285938 0.757812 0.068750 0.068750
0 0.879687 0.718750 0.031250 0.031250
0 0.715625 0.417187 0.068750 0.068750
0 0.820312 0.556250 0.081250 0.081250
0 0.436719 0.078906 0.076563 0.076563
0 0.426563 0.689063 0.084375 0.084375
0 0.317969 0.944531 0.082812 0.082812
0 0.610938 0.728125 0.090625 0.090625
0 0.747656 0.871094 0.095312 0.095312
0 0.825000 0.096875 0.068750 0.068750
