0 0.209375 0.550000 0.096875 0.096875
0 0.750000 0.675000 0.068750 0.068750
0 0.063281 0.371094 0.060937 0.060937
0 0.313281 0.464844 0.082812 0.082812
0 0.809375 0.546875 0.034375 0.034375
0 0.160938 0.846875 0.071875 0.071875
0 0.489063 0.857812 0.056250 0.056250
0 0.039844 0.303906 0.048438 0.048438
0 0.663281 0.538281 0.067187 0.067187
0 0.664844 0.678906 0.057813 0.057813
0 0.061719 0.588281 0.039062 0.039062
0 0.576562 0.650000 0.078125 0.078125
0 0.700000 0.073438 0.037500 0.037500
0 0.761719 0.817969 0.098437 0.098437
0 0.449219 0.572656 0.064062 0.064062
