0 0.725781 0.422656 0.089063 0.089063
0 0.857812 0.578125 0.050000 0.050000
0 0.602344 0.252344 0.064062 0.064062
0 0.224219 0.847656 0.085938 0.085938
0 0.382031 0.417969 0.076563 0.076563
0 0.445312 0.245312 0.053125 0.053125
0 0.708594 0.785156 0.045312 0.045312
0 0.211719 0.749219 0.035937 0.035937
0 0.639062 0.498437 0.050000 0.050000
0 0.075781 0.314844 0.060937 0.060937
0 0.433594 0.632031 0.085938 0.085938
0 0.888281 0.674219 0.042188 0.042188
0 0.172656 0.216406 0.073438 0.073438
0 0.804688 0.729688 0.096875 0.096875
0 0.594531 0.061719 0.098437 0.098437
0 0.664844 0.592969 0.039062 0.039062
0 0.180469 0.514844 0.048438 0.048438
0 0.467187 0.390625 0.040625 0.040625
0 0.046875 0.409375 0.050000 0.050000
0 0.243750 0.065625 0.056250 0.056250
