0 0.621875 0.075000 0.050000 0.050000
0 0.470313 0.560937 0.090625 0.090625
0 0.896875 0.812500 0.081250 0.081250
0 0.586719 0.932031 0.039062 0.039062
0 0.715625 0.389062 0.037500 0.037500
0 0.602344 0.722656 0.057813 0.057813
0 0.519531 0.086719 0.039062 0.039062
0 0.651563 0.203125 0.040625 0.040625
0 0.736719 0.310156 0.098437 0.098437
0 0.779687 0.157812 0.037500 0.037500
0 0.603125 0.812500 0.078125 0.078125
0 0.514844 0.191406 0.070312 0.070312
0 0.120313 0.265625 0.043750 0.043750
0 0.527344 0.310156 0.048438 0.048438
0 0.711719 0.539844 0.073438 0.073438
0 0.844531 0.341406 0.076563 0.076563
0 0.383594 0.696094 0.082812 0.082812
0 0.296094 0.283594 0.070312 0.070312
0 0.392188 0.470313 0.084375 0.084375
