0 0.715625 0.771875 0.096875 0.096875
0 0.582031 0.746094 0.064062 0.064062
0 0.528906 0.091406 0.082812 0.082812
0 0.619531 0.819531 0.067187 0.067187
0 0.320312 0.556250 0.068750 0.068750
0 0.083594 0.371094 0.042188 0.042188
0 0.242969 0.814844 0.079687 0.079687
0 0.751563 0.435937 0.084375 0.084375
0 0.432812 0.937500 0.040625 0.040625
0 0.492969 0.377344 0.067187 0.067187
0 0.068750 0.504687 0.081250 0.081250
0 0.785937 0.031250 0.062500 0.062500
0 0.191406 0.475781 0.067187 0.067187
0 0.821875 0.159375 0.065625 0.065625
0 0.866406 0.599219 0.085938 0.085938
0 0.407813 0.371875 0.093750 0.093750
0 0.941406 0.260156 0.076563 0.076563
0 0.403125 0.137500 0.078125 0.078125
0 0.462500 0.596875 0.056250 0.056250
