0 0.514844 0.597656 0.095312 0.095312
0 0.500000 0.168750 0.046875 0.046875
0 0.215625 0.287500 0.068750 0.068750
0 0.692187 0.534375 0.053125 0.053125
0 0.192188 0.182812 0.050000 0.050000
0 0.821094 0.321094 0.067187 0.067187
0 0.273438 0.910937 0.031250 0.031250
0 0.300000 0.859375 0.046875 0.046875
0 0.841406 0.514844 0.057813 0.057813
0 0.445312 0.329688 0.093750 0.093750
0 0.614844 0.727344 0.054688 0.054688
0 0.327344 0.752344 0.076563 0.076563
0 0.701562 0.650000 0.065625 0.065625
0 0.122656 0.774219 0.079687 0.079687
0 0.415625 0.826562 0.068750 0.068750
0 0.197656 0.749219 0.054688 0.054688
0 0.102344 0.177344 0.039062 0.039062
0 0.453125 0.962500 0.065625 0.065625
