0 0.138281 0.114844 0.085938 0.085938
0 0.272656 0.903906 0.048438 0.048438
0 0.365625 0.334375 0.090625 0.090625
0 0.124219 0.453906 0.054688 0.054688
0 0.839063 0.485938 0.075000 0.075000
0 0.785156 0.788281 0.032813 0.032813
0 0.191406 0.269531 0.067187 0.067187
0 0.117188 0.923438 0.093750 0.093750
0 0.544531 0.082031 0.073438 0.073438
0 0.294531 0.819531 0.098437 0.098437
0 0.510156 0.877344 0.064062 0.064062
0 0.910156 0.605469 0.039062 0.039062
0 0.865625 0.971875 0.056250 0.056250
0 0.102344 0.272656 0.073438 0.073438
0 0.355469 0.542969 0.067187 0.067187
0 0.322656 0.060156 0.054688 0.054688
0 0.853125 0.164062 0.046875 0.046875
