0 0.126562 0.654687 0.059375 0.059375
0 0.775000 0.076563 0.093750 0.093750
0 0.087500 0.760938 0.093750 0.093750
0 0.282813 0.253125 0.078125 0.078125
0 0.382812 0.803125 0.078125 0.078125
0 0.671875 0.353125 0.059375 0.059375
0 0.405469 0.961719 0.064062 0.064062
0 0.810937 0.498437 0.065625 0.065625
0 0.550781 0.744531 0.057813 0.057813
0 0.282031 0.821094 0.045312 0.045312
0 0.961719 0.446094 0.032813 0.032813
0 0.457813 0.060937 0.059375 0.059375
0 0.519531 0.463281 0.054688 0.054688
0 0.960156 0.121094 0.073438 0.073438
0 0.167969 0.983594 0.029687 0.029687
