0 0.760938 0.828125 0.059375 0.059375
0 0.328906 0.760156 0.098437 0.098437
0 0.620313 0.664062 0.075000 0.075000
0 0.160938 0.362500 0.081250 0.081250
0 0.412500 0.264062 0.050000 0.050000
0 0.654687 0.196875 0.059375 0.059375
0 0.209375 0.039062 0.071875 0.071875
0 0.288281 0.042969 0.042188 0.042188
0 0.243750 0.459375 0.046875 0.046875
0 0.872656 0.742969 0.045312 0.045312
0 0.326562 0.243750 0.031250 0.031250
0 0.178906 0.439844 0.048438 0.048438
0 0.464844 0.183594 0.054688 0.054688
0 0.357812 0.629687 0.059375 0.059375
