0 0.868750 0.665625 0.034375 0.034375
0 0.029687 0.807813 0.040625 0.040625
0 0.600781 0.603906 0.054688 0.054688
0 0.818750 0.323437 0.081250 0.081250
0 0.177344 0.055469 0.042188 0.042188
0 0.235156 0.749219 0.076563 0.076563
0 0.427344 0.514844 0.092188 0.092188
0 0.903125 0.351562 0.043750 0.043750
0 0.017188 0.557813 0.031250 0.031250
0 0.542969 0.503906 0.085938 0.085938
0 0.900781 0.203906 0.076563 0.076563
0 0.614062 0.367188 0.068750 0.068750
0 0.706250 0.771875 0.090625 0.090625
0 0.258594 0.257031 0.085938 0.085938
0 0.292187 0.882812 0.075000 0.075000
0 0.325781 0.555469 0.067187 0.067187
0 0.105469 0.903906 0.073438 0.073438
0 0.219531 0.538281 0.057813 0.057813
0 0.350000 0.146875 0.056250 0.056250
0 0.153906 0.366406 0.082812 0.082812
