0 0.217969 0.499219 0.076563 0.076563
0 0.939063 0.131250 0.043750 0.043750
0 0.504687 0.978125 0.037500 0.037500
0 0.419531 0.274219 0.079687 0.079687
0 0.458594 0.671094 0.089063 0.089063
0 0.306250 0.334375 0.040625 0.040625
0 0.815625 0.887500 0.078125 0.078125
0 0.292187 0.767188 0.056250 0.056250
0 0.531250 0.212500 0.056250 0.056250
0 0.541406 0.336719 0.045312 0.045312
0 0.604688 0.739062 0.081250 0.081250
0 0.189062 0.604688 0.040625 0.040625
0 0.700781 0.455469 0.029687 0.029687
0 0.046094 0.427344 0.064062 0.064062
0 0.595313 0.504687 0.050000 0.050000
