0 0.775000 0.671875 0.050000 0.050000
0 0.678125 0.645312 0.046875 0.046875
0 0.114844 0.435156 0.042188 0.042188
0 0.442969 0.752344 0.035937 0.035937
0 0.950000 0.164062 0.065625 0.065625
0 0.081250 0.901563 0.087500 0.087500
0 0.264062 0.437500 0.090625 0.090625
0 0.509375 0.375000 0.056250 0.056250
0 0.278906 0.535156 0.082812 0.082812
0 0.708594 0.524219 0.060937 0.060937
0 0.485156 0.927344 0.079687 0.079687
0 0.230469 0.224219 0.067187 0.067187
0 0.968750 0.617188 0.043750 0.043750
0 0.071094 0.539844 0.051562 0.051562
0 0.782813 0.917188 0.068750 0.068750
0 0.967969 0.061719 0.051562 0.051562
