0 0.890625 0.364063 0.084375 0.084375
0 0.665625 0.217188 0.046875 0.046875
0 0.935156 0.621094 0.045312 0.045312
0 0.830469 0.607031 0.076563 0.076563
0 0.333594 0.741406 0.042188 0.042188
0 0.124219 0.835156 0.095312 0.095312
0 0.414062 0.881250 0.034375 0.034375
0 0.660156 0.671094 0.054688 0.054688
0 0.475781 0.132031 0.039062 0.039062
0 0.689063 0.859375 0.096875 0.096875
0 0.814063 0.721875 0.093750 0.093750
0 0.076563 0.545312 0.034375 0.034375
0 0.530469 0.416406 0.073438 0.073438
0 0.411719 0.947656 0.070312 0.070312
0 0.269531 0.674219 0.048438 0.048438
0 0.875781 0.182031 0.064062 0.064062
0 0.848437 0.954688 0.056250 0.056250
0 0.058594 0.635156 0.057813 0.057813
