0 0.240625 0.571875 0.075000 0.075000
0 0.821875 0.348438 0.046875 0.046875
0 0.580469 0.511719 0.029687 0.029687
0 0.047656 0.569531 0.064062 0.064062
0 0.331250 0.523438 0.062500 0.062500
0 0.849219 0.757031 0.092188 0.092188
0 0.478906 0.691406 0.060937 0.060937
0 0.022656 0.924219 0.045312 0.045312
0 0.737500 0.881250 0.059375 0.059375
0 0.307812 0.271875 0.037500 0.037500
0 0.169531 0.900781 0.089063 0.089063
0 0.222656 0.086719 0.048438 0.048438
0 0.214844 0.175781 0.051562 0.051562
0 0.627344 0.097656 0.076563 0.076563
0 0.946875 0.446875 0.078125 0.078125
0 0.976562 0.760938 0.037500 0.037500
0 0.492188 0.581250 0.093750 0.093750
0 0.307031 0.103906 0.098437 0.098437
