0 0.651563 0.029687 0.053125 0.053125
0 0.767969 0.839844 0.045312 0.045312
0 0.378125 0.940625 0.037500 0.037500
0 0.265625 0.117188 0.087500 0.087500
0 0.221094 0.339844 0.029687 0.029687
0 0.515625 0.292187 0.062500 0.062500
0 0.653906 0.922656 0.089063 0.089063
0 0.141406 0.094531 0.060937 0.060937
0 0.535937 0.440625 0.093750 0.093750
0 0.316406 0.635156 0.098437 0.098437
0 0.196094 0.475781 0.051562 0.051562
0 0.360156 0.057031 0.095312 0.095312
0 0.807813 0.114062 0.068750 0.068750
0 0.164062 0.931250 0.065625 0.065625
0 0.339062 0.359375 0.071875 0.071875
0 0.703906 0.833594 0.029687 0.029687
0 0.553125 0.553125 0.053125 0.053125
0 0.053906 0.913281 0.089063 0.089063
0 0.509375 0.143750 0.065625 0.065625
0 0.892188 0.787500 0.031250 0.031250
