0 0.599219 0.588281 0.035937 0.035937
0 0.262500 0.709375 0.090625 0.090625
0 0.682031 0.824219 0.032813 0.032813
0 0.351562 0.256250 0.075000 0.075000
0 0.778906 0.450781 0.067187 0.067187
0 0.852344 0.191406 0.076563 0.076563
0 0.132812 0.576562 0.059375 0.059375
0 0.410156 0.486719 0.032813 0.032813
0 0.532813 0.901563 0.075000 0.075000
0 0.173437 0.398438 0.043750 0.043750
0 0.960156 0.225781 0.064062 0.064062
0 0.348438 0.664062 0.034375 0.034375
0 0.315625 0.618750 0.053125 0.053125
0 0.748437 0.729688 0.081250 0.081250
0 0.852344 0.291406 0.032813 0.032813
0 0.092969 0.386719 0.035937 0.035937
0 0.427344 0.621094 0.042188 0.042188
0 0.903906 0.135156 0.029687 0.029687
0 0.249219 0.183594 0.048438 0.048438
0 0.225781 0.619531 0.070312 0.070312
