0 0.635156 0.792969 0.051562 0.051562
0 0.340625 0.345313 0.043750 0.043750
0 0.199219 0.850781 0.035937 0.035937
0 0.282031 0.711719 0.098437 0.098437
0 0.053125 0.178125 0.093750 0.093750
0 0.575000 0.223438 0.071875 0.071875
0 0.878125 0.951562 0.090625 0.090625
0 0.605469 0.697656 0.076563 0.076563
0 0.494531 0.591406 0.045312 0.045312
0 0.906250 0.701562 0.031250 0.031250
0 0.457031 0.296094 0.029687 0.029687
0 0.695312 0.132812 0.031250 0.031250
0 0.752344 0.594531 0.051562 0.051562
0 0.788281 0.858594 0.045312 0.045312
0 0.513281 0.391406 0.082812 0.082812
