0 0.832031 0.188281 0.085938 0.085938
0 0.078906 0.949219 0.070312 0.070312
0 0.192969 0.035156 0.060937 0.060937
0 0.200000 0.748437 0.043750 0.043750
0 0.395313 0.118750 0.084375 0.084375
0 0.483594 0.053906 0.067187 0.067187
0 0.885156 0.878906 0.089063 0.089063
0 0.147656 0.225781 0.092188 0.092188
0 0.279687 0.806250 0.081250 0.081250
0 0.230469 0.952344 0.079687 0.079687
0 0.656250 0.682813 0.031250 0.031250
0 0.579688 0.804688 0.050000 0.050000
0 0.667969 0.421094 0.051562 0.051562
0 0.840625 0.498437 0.075000 0.075000
0 0.125781 0.860156 0.048438 0.048438
0 0.207031 0.583594 0.032813 0.032813
0 0.397656 0.885156 0.095312 0.095312
