0 0.573438 0.362500 0.059375 0.059375
0 0.685937 0.504687 0.068750 0.068750
0 0.682813 0.379688 0.087500 0.087500
0 0.832812 0.206250 0.071875 0.071875
0 0.251563 0.404687 0.090625 0.090625
0 0.745313 0.843750 0.096875 0.096875
0 0.038281 0.897656 0.035937 0.035937
0 0.964063 0.023438 0.037500 0.037500
0 0.428125 0.120313 0.046875 0.046875
0 0.915625 0.887500 0.068750 0.068750
0 0.501563 0.295312 0.078125 0.078125
0 0.196875 0.540625 0.071875 0.071875
0 0.296875 0.218750 0.056250 0.056250
0 0.310156 0.533594 0.076563 0.076563
