0 0.368750 0.703125 0.087500 0.087500
0 0.398438 0.959375 0.059375 0.059375
0 0.586719 0.357031 0.064062 0.064062
0 0.249219 0.780469 0.060937 0.060937
0 0.132812 0.535937 0.068750 0.068750
0 0.478906 0.707031 0.076563 0.076563
0 0.091406 0.821094 0.035937 0.035937
0 0.478125 0.142187 0.034375 0.034375
0 0.192188 0.625000 0.078125 0.078125
0 0.150781 0.142969 0.085938 0.085938
0 0.469531 0.549219 0.089063 0.089063
0 0.900000 0.087500 0.093750 0.093750
0 0.117969 0.407031 0.060937 0.060937
0 0.808594 0.703906 0.045312 0.045312
0 0.304688 0.928125 0.043750 0.043750
