0 0.897656 0.824219 0.045312 0.045312
0 0.810937 0.726562 0.056250 0.056250
0 0.673438 0.642188 0.046875 0.046875
0 0.457031 0.561719 0.098437 0.098437
0 0.305469 0.627344 0.085938 0.085938
0 0.762500 0.129688 0.043750 0.043750
0 0.578906 0.317969 0.054688 0.054688
0 0.348438 0.245312 0.040625 0.040625
0 0.053125 0.842187 0.081250 0.081250
0 0.310156 0.350781 0.073438 0.073438
0 0.297656 0.750781 0.048438 0.048438
0 0.725000 0.212500 0.078125 0.078125
0 0.486719 0.658594 0.064062 0.064062
0 0.492188 0.287500 0.037500 0.037500
0 0.671094 0.432031 0.029687 0.029687
0 0.337500 0.115625 0.040625 0.040625
0 0.910156 0.875781 0.042188 0.042188
0 0.893750 0.296875 0.059375 0.059375
0 0.103125 0.468750 0.065625 0.065625
0 0.887500 0.156250 0.093750 0.093750
