0 0.030469 0.896094 0.057813 0.057813
0 0.093750 0.554688 0.040625 0.040625
0 0.296875 0.432812 0.056250 0.056250
0 0.524219 0.722656 0.064062 0.064062
0 0.678125 0.892188 0.096875 0.096875
0 0.817969 0.947656 0.092188 0.092188
0 0.884375 0.918750 0.031250 0.031250
0 0.313281 0.741406 0.082812 0.082812
0 0.157812 0.035937 0.040625 0.040625
0 0.900000 0.392188 0.068750 0.068750
0 0.318750 0.203125 0.034375 0.034375
0 0.734375 0.142187 0.081250 0.081250
0 0.829688 0.439063 0.053125 0.053125
0 0.828125 0.842187 0.068750 0.068750
0 0.732812 0.562500 0.071875 0.071875
0 0.197656 0.785156 0.057813 0.057813
0 0.332031 0.799219 0.029687 0.029687
0 0.105469 0.758594 0.089063 0.089063
0 0.587500 0.317188 0.096875 0.096875
0 0.590625 0.542188 0.084375 0.084375
