0 0.800000 0.182812 0.065625 0.065625
0 0.486719 0.417969 0.048438 0.048438
0 0.390625 0.673438 0.056250 0.056250
0 0.979688 0.526563 0.031250 0.031250
0 0.592187 0.582812 0.081250 0.081250
0 0.617969 0.258594 0.070312 0.070312
0 0.464062 0.312500 0.062500 0.062500
0 0.661719 0.710156 0.082812 0.082812
0 0.089063 0.065625 0.090625 0.090625
0 0.236719 0.907031 0.060937 0.060937
0 0.748437 0.632812 0.075000 0.075000
0 0.421094 0.102344 0.073438 0.073438
0 0.623437 0.373437 0.078125 0.078125
0 0.571875 0.664062 0.050000 0.050000
