0 0.977344 0.597656 0.032813 0.032813
0 0.055469 0.169531 0.051562 0.051562
0 0.505469 0.914844 0.039062 0.039062
0 0.289062 0.184375 0.050000 0.050000
0 0.512500 0.407813 0.050000 0.050000
0 0.613281 0.321094 0.095312 0.095312
0 0.045312 0.950000 0.071875 0.071875
0 0.411719 0.707031 0.064062 0.064062
0 0.121875 0.514062 0.068750 0.068750
0 0.476562 0.556250 0.034375 0.034375
0 0.178125 0.164062 0.053125 0.053125
0 0.792188 0.887500 0.056250 0.056250
0 0.378906 0.802344 0.092188 0.092188
0 0.165625 0.942187 0.093750 0.093750
