0 0.479687 0.759375 0.037500 0.037500
0 0.462500 0.867188 0.081250 0.081250
0 0.348438 0.281250 0.062500 0.062500
0 0.300000 0.940625 0.053125 0.053125
0 0.897656 0.428906 0.073438 0.073438
0 0.710938 0.707812 0.056250 0.056250
0 0.728906 0.067969 0.042188 0.042188
0 0.035937 0.656250 0.046875 0.046875
0 0.621875 0.735938 0.040625 0.040625
0 0.102344 0.888281 0.092188 0.092188
0 0.887500 0.678125 0.053125 0.053125
0 0.813281 0.410156 0.064062 0.064062
0 0.597656 0.102344 0.070312 0.070312
0 0.476562 0.959375 0.078125 0.078125
0 0.293750 0.793750 0.034375 0.034375
0 0.687500 0.329688 0.075000 0.075000
0 0.467187 0.573438 0.046875 0.046875
0 0.732812 0.479687 0.031250 0.031250
0 0.789062 0.595313 0.050000 0.050000
0 0.614062 0.521875 0.084375 0.084375
