0 0.045312 0.889062 0.084375 0.084375
0 0.540625 0.467187 0.043750 0.043750
0 0.519531 0.808594 0.070312 0.070312
0 0.456250 0.842187 0.050000 0.050000
0 0.545312 0.406250 0.043750 0.043750
0 0.727344 0.283594 0.048438 0.048438
0 0.427344 0.288281 0.098437 0.098437
0 0.278125 0.482812 0.087500 0.087500
0 0.228125 0.723437 0.084375 0.084375
0 0.282031 0.919531 0.079687 0.079687
0 0.877344 0.325781 0.073438 0.073438
0 0.652344 0.388281 0.060937 0.060937
0 0.050781 0.457031 0.085938 0.085938
0 0.053906 0.774219 0.035937 0.035937
0 0.632031 0.641406 0.042188 0.042188
0 0.192188 0.315625 0.081250 0.081250
