0 0.968750 0.179688 0.056250 0.056250
0 0.052344 0.794531 0.048438 0.048438
0 0.502344 0.757031 0.032813 0.032813
0 0.825781 0.899219 0.045312 0.045312
0 0.614844 0.344531 0.098437 0.098437
0 0.268750 0.079687 0.062500 0.062500
0 0.760156 0.146094 0.082812 0.082812
0 0.657031 0.730469 0.048438 0.048438
0 0.156250 0.389062 0.071875 0.071875
0 0.934375 0.401562 0.065625 0.065625
0 0.943750 0.912500 0.062500 0.062500
0 0.952344 0.267969 0.029687 0.029687
0 0.939844 0.797656 0.032813 0.032813
0 0.550000 0.843750 0.093750 0.093750
