0 0.123438 0.810937 0.087500 0.087500
0 0.229687 0.896875 0.031250 0.031250
0 0.651563 0.606250 0.056250 0.056250
0 0.317969 0.889844 0.051562 0.051562
0 0.708594 0.217969 0.076563 0.076563
0 0.757812 0.948438 0.071875 0.071875
0 0.564844 0.717969 0.085938 0.085938
0 0.453906 0.599219 0.060937 0.060937
0 0.327344 0.671094 0.085938 0.085938
0 0.749219 0.392969 0.032813 0.032813
0 0.202344 0.341406 0.082812 0.082812
0 0.727344 0.517969 0.073438 0.073438
0 0.814063 0.664062 0.090625 0.090625
0 0.210938 0.212500 0.043750 0.043750
0 0.672656 0.441406 0.032813 0.032813
0 0.746094 0.864844 0.060937 0.060937
0 0.838281 0.252344 0.098437 0.098437
0 0.343750 0.581250 0.046875 0.046875
0 0.693750 0.125000 0.090625 0.090625
0 0.300781 0.341406 0.035937 0.035937
