0 0.290625 0.439063 0.062500 0.062500
0 0.580469 0.764844 0.067187 0.067187
0 0.503906 0.286719 0.079687 0.079687
0 0.336719 0.544531 0.070312 0.070312
0 0.917969 0.278906 0.092188 0.092188
0 0.530469 0.669531 0.067187 0.067187
0 0.814063 0.107813 0.043750 0.043750
0 0.300781 0.041406 0.064062 0.064062
0 0.289844 0.255469 0.089063 0.089063
0 0.407031 0.828906 0.048438 0.048438
0 0.765625 0.878125 0.046875 0.046875
0 0.741406 0.461719 0.070312 0.070312
0 0.080469 0.522656 0.076563 0.076563
0 0.211719 0.080469 0.098437 0.098437
0 0.583594 0.155469 0.095312 0.095312
