0 0.520312 0.132812 0.034375 0.034375
0 0.453125 0.200000 0.078125 0.078125
0 0.897656 0.555469 0.098437 0.098437
0 0.708594 0.799219 0.042188 0.042188
0 0.497656 0.072656 0.064062 0.064062
0 0.332031 0.549219 0.098437 0.098437
0 0.290625 0.765625 0.093750 0.093750
0 0.660937 0.485938 0.031250 0.031250
0 0.592187 0.053125 0.071875 0.071875
0 0.633594 0.299219 0.035937 0.035937
0 0.240625 0.656250 0.078125 0.078125
0 0.703125 0.671875 0.087500 0.087500
0 0.678125 0.240625 0.068750 0.068750
0 0.226562 0.560937 0.078125 0.078125
0 0.507812 0.296875 0.065625 0.065625
0 0.848437 0.410938 0.084375 0.084375
0 0.317188 0.956250 0.034375 0.034375
