0 0.472656 0.841406 0.082812 0.082812
0 0.085938 0.639062 0.053125 0.053125
0 0.611719 0.321094 0.054688 0.054688
0 0.866406 0.469531 0.048438 0.048438
0 0.542188 0.800000 0.050000 0.050000
0 0.231250 0.481250 0.037500 0.037500
0 0.357031 0.549219 0.076563 0.076563
0 0.043750 0.776563 0.043750 0.043750
0 0.408594 0.463281 0.048438 0.048438
0 0.175000 0.957812 0.071875 0.071875
0 0.864062 0.115625 0.062500 0.062500
0 0.729688 0.095312 0.062500 0.062500
0 0.496875 0.370312 0.081250 0.081250
0 0.057031 0.169531 0.032813 0.032813
