0 0.119531 0.608594 0.029687 0.029687
0 0.157812 0.653125 0.053125 0.053125
0 0.266406 0.944531 0.032813 0.032813
0 0.038281 0.477344 0.035937 0.035937
0 0.429688 0.835938 0.090625 0.090625
0 0.051562 0.087500 0.084375 0.084375
0 0.425781 0.174219 0.079687 0.079687
0 0.114844 0.932031 0.054688 0.054688
0 0.644531 0.732031 0.045312 0.045312
0 0.579688 0.389062 0.053125 0.053125
0 0.921094 0.330469 0.067187 0.067187
0 0.464062 0.745313 0.087500 0.087500
0 0.663281 0.858594 0.060937 0.060937
0 0.651563 0.625000 0.050000 0.050000
