0 0.868750 0.267188 0.053125 0.053125
0 0.798438 0.445312 0.050000 0.050000
0 0.748437 0.796875 0.037500 0.037500
0 0.243750 0.095312 0.050000 0.050000
0 0.068750 0.346875 0.075000 0.075000
0 0.268750 0.415625 0.087500 0.087500
0 0.726562 0.298438 0.081250 0.081250
0 0.775000 0.701562 0.084375 0.084375
0 0.214844 0.289844 0.035937 0.035937
0 0.201563 0.581250 0.078125 0.078125
0 0.091406 0.050781 0.082812 0.082812
0 0.689063 0.837500 0.065625 0.065625
0 0.885156 0.330469 0.070312 0.070312
0 0.817969 0.528906 0.054688 0.054688
0 0.491406 0.205469 0.092188 0.092188
0 0.531250 0.076563 0.037500 0.037500
0 0.953906 0.522656 0.039062 0.039062
0 0.330469 0.163281 0.042188 0.042188
0 0.926562 0.203125 0.056250 0.056250
0 0.652344 0.392969 0.051562 0.051562
