0 0.864844 0.924219 0.054688 0.054688
0 0.535156 0.527344 0.079687 0.079687
0 0.239063 0.459375 0.093750 0.093750
0 0.925781 0.477344 0.098437 0.098437
0 0.448437 0.118750 0.084375 0.084375
0 0.828906 0.060156 0.042188 0.042188
0 0.873437 0.579688 0.034375 0.034375
0 0.207031 0.769531 0.045312 0.045312
0 0.929688 0.887500 0.046875 0.046875
0 0.750000 0.242188 0.087500 0.087500
0 0.199219 0.938281 0.064062 0.064062
0 0.295312 0.826562 0.031250 0.031250
0 0.825781 0.296094 0.048438 0.048438
0 0.169531 0.214844 0.039062 0.039062
0 0.951562 0.279687 0.081250 0.081250
0 0.382812 0.151562 0.040625 0.040625
0 0.253906 0.053906 0.079687 0.079687
0 0.653906 0.871094 0.095312 0.095312
0 0.669531 0.028906 0.032813 0.032813
