0 0.041406 0.607031 0.032813 0.032813
0 0.865625 0.521875 0.075000 0.075000
0 0.354687 0.479687 0.059375 0.059375
0 0.746094 0.469531 0.067187 0.067187
0 0.417187 0.967187 0.040625 0.040625
0 0.907031 0.372656 0.057813 0.057813
0 0.645312 0.175000 0.050000 0.050000
0 0.068750 0.967187 0.065625 0.065625
0 0.562500 0.604688 0.034375 0.034375
0 0.214844 0.708594 0.032813 0.032813
0 0.645312 0.103125 0.043750 0.043750
0 0.914062 0.615625 0.093750 0.093750
0 0.518750 0.534375 0.034375 0.034375
0 0.850781 0.919531 0.035937 0.035937
0 0.917188 0.168750 0.096875 0.096875
