0 0.363281 0.771094 0.057813 0.057813
0 0.438281 0.133594 0.085938 0.085938
0 0.247656 0.428906 0.076563 0.076563
0 0.053906 0.280469 0.029687 0.029687
0 0.343750 0.351562 0.034375 0.034375
0 0.463281 0.385156 0.082812 0.082812
0 0.438281 0.894531 0.098437 0.098437
0 0.821875 0.568750 0.090625 0.090625
0 0.653125 0.114062 0.071875 0.071875
0 0.211719 0.572656 0.051562 0.051562
0 0.213281 0.753906 0.057813 0.057813
0 0.222656 0.267969 0.089063 0.089063
0 0.090625 0.082812 0.084375 0.084375
0 0.927344 0.688281 0.070312 0.070312
0 0.085938 0.679688 0.031250 0.031250
0 0.583594 0.155469 0.048438 0.048438
0 0.258594 0.653906 0.039062 0.039062
0 0.772656 0.044531 0.060937 0.060937
0 0.333594 0.038281 0.054688 0.054688
0 0.922656 0.055469 0.070312 0.070312
