0 0.942969 0.638281 0.095312 0.095312
0 0.482031 0.564844 0.045312 0.045312
0 0.460156 0.186719 0.082812 0.082812
0 0.229687 0.407813 0.093750 0.093750
0 0.067187 0.778125 0.087500 0.087500
0 0.107031 0.216406 0.039062 0.039062
0 0.192188 0.295312 0.059375 0.059375
0 0.735156 0.061719 0.073438 0.073438
0 0.652344 0.335156 0.051562 0.051562
0 0.476562 0.331250 0.053125 0.053125
0 0.963281 0.116406 0.039062 0.039062
0 0.257812 0.565625 0.050000 0.050000
0 0.332031 0.683594 0.042188 0.042188
0 0.800781 0.042969 0.048438 0.048438
0 0.099219 0.849219 0.042188 0.042188
0 0.732031 0.833594 0.073438 0.073438
0 0.406250 0.910937 0.081250 0.081250
0 0.371875 0.384375 0.096875 0.096875
