0 0.154688 0.492188 0.084375 0.084375
0 0.544531 0.433594 0.079687 0.079687
0 0.892188 0.882812 0.037500 0.037500
0 0.766406 0.132031 0.048438 0.048438
0 0.125000 0.590625 0.034375 0.034375
0 0.776563 0.584375 0.081250 0.081250
0 0.103906 0.189844 0.089063 0.089063
0 0.682031 0.794531 0.039062 0.039062
0 0.678125 0.370312 0.078125 0.078125
0 0.719531 0.511719 0.029687 0.029687
0 0.654687 0.515625 0.062500 0.062500
0 0.292969 0.369531 0.085938 0.085938
0 0.375000 0.265625 0.065625 0.065625
0 0.394531 0.683594 0.054688 0.054688
0 0.072656 0.400781 0.085938 0.085938
0 0.453906 0.872656 0.085938 0.085938
0 0.331250 0.121875 0.053125 0.053125
0 0.825000 0.960938 0.040625 0.040625
