0 0.875000 0.335938 0.050000 0.050000
0 0.090625 0.442188 0.043750 0.043750
0 0.139063 0.104688 0.078125 0.078125
0 0.638281 0.397656 0.079687 0.079687
0 0.260937 0.535937 0.059375 0.059375
0 0.462500 0.118750 0.034375 0.034375
0 0.612500 0.900000 0.062500 0.062500
0 0.795312 0.662500 0.056250 0.056250
0 0.041406 0.944531 0.060937 0.060937
0 0.342187 0.304688 0.090625 0.090625
0 0.860156 0.797656 0.064062 0.064062
0 0.456250 0.717187 0.059375 0.059375
0 0.982031 0.880469 0.029687 0.029687
0 0.467187 0.839063 0.040625 0.040625
0 0.262500 0.231250 0.056250 0.056250
0 0.410156 0.377344 0.051562 0.051562
0 0.306250 0.171875 0.053125 0.053125
0 0.428125 0.207813 0.068750 0.068750
0 0.082812 0.645312 0.087500 0.087500
0 0.832031 0.046094 0.060937 0.060937
