0 0.787500 0.554688 0.071875 0.071875
0 0.714844 0.375781 0.098437 0.098437
0 0.286719 0.083594 0.079687 0.079687
0 0.954688 0.746875 0.090625 0.090625
0 0.353125 0.490625 0.037500 0.037500
0 0.430469 0.914844 0.079687 0.079687
0 0.125000 0.239063 0.068750 0.068750
0 0.085938 0.651563 0.056250 0.056250
0 0.232813 0.498437 0.068750 0.068750
0 0.054688 0.398438 0.037500 0.037500
0 0.487500 0.456250 0.087500 0.087500
0 0.930469 0.460156 0.060937 0.060937
0 0.861719 0.732031 0.048438 0.048438
0 0.146094 0.144531 0.048438 0.048438
0 0.152344 0.608594 0.042188 0.042188
0 0.880469 0.355469 0.029687 0.029687
0 0.693750 0.715625 0.065625 0.065625
0 0.574219 0.450781 0.067187 0.067187
0 0.407813 0.509375 0.046875 0.046875
