0 0.330469 0.596094 0.082812 0.082812
0 0.447656 0.372656 0.095312 0.095312
0 0.045312 0.559375 0.034375 0.034375
0 0.933594 0.450781 0.057813 0.057813
0 0.320312 0.407813 0.087500 0.087500
0 0.392188 0.923438 0.065625 0.065625
0 0.021094 0.821094 0.029687 0.029687
0 0.814844 0.175781 0.076563 0.076563
0 0.471875 0.129688 0.053125 0.053125
0 0.528125 0.934375 0.084375 0.084375
0 0.060937 0.825000 0.031250 0.031250
0 0.707812 0.407813 0.065625 0.065625
0 0.806250 0.829688 0.081250 0.081250
0 0.170313 0.793750 0.040625 0.040625
