0 0.464844 0.583594 0.032813 0.032813
0 0.257031 0.700781 0.045312 0.045312
0 0.235937 0.478125 0.034375 0.034375
0 0.584375 0.517188 0.081250 0.081250
0 0.619531 0.705469 0.089063 0.089063
0 0.535937 0.801562 0.040625 0.040625
0 0.753125 0.954688 0.078125 0.078125
0 0.148438 0.967187 0.040625 0.040625
0 0.842969 0.608594 0.054688 0.054688
0 0.842969 0.125781 0.092188 0.092188
0 0.774219 0.333594 0.085938 0.085938
0 0.780469 0.800781 0.032813 0.032813
0 0.933594 0.733594 0.098437 0.098437
0 0.283594 0.400781 0.092188 0.092188
0 0.108594 0.138281 0.082812 0.082812
0 0.730469 0.502344 0.082812 0.082812
0 0.612500 0.318750 0.034375 0.034375
0 0.500781 0.921094 0.082812 0.082812
0 0.960938 0.015625 0.031250 0.031250
0 0.144531 0.489844 0.089063 0.089063
