0 0.728906 0.835156 0.045312 0.045312
0 0.688281 0.472656 0.045312 0.045312
0 0.346875 0.603125 0.056250 0.056250
0 0.108594 0.035156 0.045312 0.045312
0 0.363281 0.252344 0.057813 0.057813
0 0.394531 0.783594 0.064062 0.064062
0 0.587500 0.107813 0.078125 0.078125
0 0.899219 0.791406 0.079687 0.079687
0 0.219531 0.624219 0.073438 0.073438
0 0.699219 0.655469 0.073438 0.073438
0 0.524219 0.510156 0.048438 0.048438
0 0.263281 0.767969 0.039062 0.039062
0 0.046875 0.285938 0.093750 0.093750
0 0.226562 0.385937 0.090625 0.090625
0 0.463281 0.582031 0.082812 0.082812
0 0.210156 0.511719 0.051562 0.051562
0 0.680469 0.553906 0.060937 0.060937
0 0.296094 0.522656 0.095312 0.095312
0 0.708594 0.158594 0.082812 0.082812
