0 0.561719 0.567969 0.079687 0.079687
0 0.271094 0.816406 0.057813 0.057813
0 0.134375 0.618750 0.084375 0.084375
0 0.180469 0.892969 0.045312 0.045312
0 0.083594 0.511719 0.092188 0.092188
0 0.857031 0.549219 0.067187 0.067187
0 0.761719 0.132031 0.076563 0.076563
0 0.653906 0.217969 0.035937 0.035937
0 0.733594 0.561719 0.032813 0.032813
0 0.565625 0.281250 0.096875 0.096875
0 0.407813 0.712500 0.087500 0.087500
0 0.085156 0.899219 0.092188 0.092188
0 0.626563 0.876563 0.046875 0.046875
0 0.407813 0.596875 0.087500 0.087500
0 0.719531 0.708594 0.073438 0.073438
0 0.402344 0.810156 0.076563 0.076563
0 0.389844 0.032031 0.032813 0.032813
0 0.572656 0.689844 0.051562 0.051562
0 0.349219 0.916406 0.082812 0.082812
0 0.796094 0.208594 0.064062 0.064062
