0 0.165625 0.021875 0.034375 0.034375
0 0.069531 0.074219 0.054688 0.054688
0 0.152344 0.385156 0.082812 0.082812
0 0.230469 0.647656 0.095312 0.095312
0 0.827344 0.905469 0.045312 0.045312
0 0.486719 0.560156 0.079687 0.079687
0 0.569531 0.391406 0.048438 0.048438
0 0.483594 0.710156 0.082812 0.082812
0 0.048438 0.167187 0.090625 0.090625
0 0.854688 0.815625 0.068750 0.068750
0 0.952344 0.653906 0.079687 0.079687
0 0.245312 0.528125 0.031250 0.031250
0 0.536719 0.091406 0.042188 0.042188
0 0.374219 0.435156 0.045312 0.045312
0 0.614844 0.896094 0.035937 0.035937
0 0.697656 0.486719 0.048438 0.048438
