0 0.517188 0.365625 0.090625 0.090625
0 0.377344 0.578906 0.079687 0.079687
0 0.277344 0.769531 0.095312 0.095312
0 0.093750 0.340625 0.056250 0.056250
0 0.300000 0.295312 0.050000 0.050000
0 0.166406 0.135156 0.032813 0.032813
0 0.956250 0.142187 0.050000 0.050000
0 0.810156 0.111719 0.057813 0.057813
0 0.511719 0.272656 0.048438 0.048438
0 0.289062 0.482812 0.065625 0.065625
0 0.153125 0.218750 0.075000 0.075000
0 0.658594 0.835156 0.051562 0.051562
0 0.192969 0.053906 0.064062 0.064062
0 0.901563 0.893750 0.046875 0.046875
0 0.898438 0.709375 0.090625 0.090625
0 0.767188 0.854688 0.040625 0.040625
0 0.949219 0.188281 0.029687 0.029687
0 0.548438 0.143750 0.059375 0.059375
0 0.042969 0.505469 0.039062 0.039062
