0 0.318750 0.251563 0.053125 0.053125
0 0.572656 0.255469 0.079687 0.079687
0 0.692969 0.102344 0.057813 0.057813
0 0.441406 0.121094 0.032813 0.032813
0 0.717969 0.255469 0.039062 0.039062
0 0.769531 0.392969 0.089063 0.089063
0 0.223438 0.095312 0.043750 0.043750
0 0.422656 0.535156 0.057813 0.057813
0 0.960938 0.354687 0.065625 0.065625
0 0.350000 0.865625 0.053125 0.053125
0 0.178125 0.950000 0.043750 0.043750
0 0.294531 0.647656 0.070312 0.070312
0 0.808594 0.727344 0.064062 0.064062
0 0.740625 0.962500 0.031250 0.031250
0 0.690625 0.812500 0.093750 0.093750
0 0.071094 0.597656 0.095312 0.095312
0 0.205469 0.403906 0.073438 0.073438
0 0.771094 0.253906 0.039062 0.039062
0 0.669531 0.619531 0.079687 0.079687
