0 0.100000 0.785937 0.053125 0.053125
0 0.657031 0.894531 0.070312 0.070312
0 0.450000 0.309375 0.050000 0.050000
0 0.674219 0.152344 0.067187 0.067187
0 0.057031 0.857031 0.045312 0.045312
0 0.307031 0.055469 0.076563 0.076563
0 0.938281 0.360156 0.070312 0.070312
0 0.374219 0.108594 0.035937 0.035937
0 0.532031 0.088281 0.092188 0.092188
0 0.793750 0.310937 0.090625 0.090625
0 0.414062 0.976562 0.043750 0.043750
0 0.598437 0.365625 0.065625 0.065625
0 0.940625 0.553125 0.078125 0.078125
0 0.536719 0.452344 0.070312 0.070312
0 0.710156 0.785156 0.085938 0.085938
0 0.940625 0.079687 0.050000 0.050000
