0 0.700000 0.357812 0.056250 0.056250
0 0.372656 0.682031 0.082812 0.082812
0 0.956250 0.059375 0.031250 0.031250
0 0.385156 0.357031 0.029687 0.029687
0 0.526563 0.779687 0.093750 0.093750
0 0.451562 0.254688 0.065625 0.065625
0 0.942187 0.482812 0.075000 0.075000
0 0.212500 0.953125 0.056250 0.056250
0 0.592187 0.171875 0.053125 0.053125
0 0.918750 0.234375 0.034375 0.034375
0 0.405469 0.464844 0.095312 0.095312
0 0.853906 0.288281 0.051562 0.051562
0 0.839844 0.375781 0.035937 0.035937
0 0.714844 0.855469 0.039062 0.039062
