0 0.155469 0.969531 0.057813 0.057813
0 0.578906 0.444531 0.092188 0.092188
0 0.373437 0.117188 0.050000 0.050000
0 0.900781 0.078906 0.085938 0.085938
0 0.296094 0.805469 0.064062 0.064062
0 0.668750 0.850000 0.090625 0.090625
0 0.642188 0.021875 0.037500 0.037500
0 0.089844 0.457031 0.042188 0.042188
0 0.036719 0.139844 0.057813 0.057813
0 0.846875 0.407813 0.031250 0.031250
0 0.479687 0.975000 0.037500 0.037500
0 0.506250 0.706250 0.093750 0.093750
0 0.184375 0.054688 0.081250 0.081250
0 0.653906 0.147656 0.029687 0.029687
0 0.404687 0.917188 0.050000 0.050000
0 0.457031 0.546094 0.076563 0.076563
0 0.311719 0.455469 0.045312 0.045312
0 0.712500 0.776563 0.031250 0.031250
0 0.575000 0.576562 0.081250 0.081250
0 0.507031 0.117969 0.057813 0.057813
