0 0.732812 0.021875 0.034375 0.034375
0 0.143750 0.668750 0.087500 0.087500
0 0.518750 0.601562 0.078125 0.078125
0 0.442188 0.423438 0.084375 0.084375
0 0.914844 0.255469 0.057813 0.057813
0 0.643750 0.573438 0.093750 0.093750
0 0.592969 0.413281 0.051562 0.051562
0 0.668750 0.317188 0.040625 0.040625
0 0.448437 0.967187 0.062500 0.062500
0 0.379688 0.635938 0.090625 0.090625
0 0.059375 0.320312 0.084375 0.084375
0 0.131250 0.871875 0.090625 0.090625
0 0.450000 0.260937 0.031250 0.031250
0 0.660937 0.937500 0.087500 0.087500
0 0.067969 0.949219 0.039062 0.039062
