0 0.193750 0.606250 0.065625 0.065625
0 0.560937 0.454688 0.059375 0.059375
0 0.889844 0.750781 0.095312 0.095312
0 0.274219 0.183594 0.051562 0.051562
0 0.892188 0.948438 0.090625 0.090625
0 0.414844 0.494531 0.057813 0.057813
0 0.759375 0.606250 0.084375 0.084375
0 0.525000 0.096875 0.090625 0.090625
0 0.830469 0.457031 0.064062 0.064062
0 0.941406 0.564844 0.051562 0.051562
0 0.036719 0.716406 0.073438 0.073438
0 0.739062 0.710938 0.084375 0.084375
0 0.110937 0.659375 0.043750 0.043750
0 0.150000 0.151562 0.059375 0.059375
0 0.867188 0.565625 0.040625 0.040625
0 0.504687 0.965625 0.050000 0.050000
0 0.290625 0.892188 0.075000 0.075000
0 0.168750 0.353125 0.087500 0.087500
0 0.170313 0.045312 0.075000 0.075000
