0 0.538281 0.699219 0.051562 0.051562
0 0.112500 0.425000 0.084375 0.084375
0 0.243750 0.921875 0.065625 0.065625
0 0.746875 0.610938 0.040625 0.040625
0 0.278906 0.683594 0.098437 0.098437
0 0.519531 0.625781 0.039062 0.039062
0 0.089063 0.856250 0.043750 0.043750
0 0.257031 0.794531 0.095312 0.095312
0 0.779687 0.439063 0.062500 0.062500
0 0.635156 0.677344 0.035937 0.035937
0 0.672656 0.777344 0.048438 0.048438
0 0.519531 0.141406 0.067187 0.067187
0 0.905469 0.116406 0.032813 0.032813
0 0.210156 0.635156 0.032813 0.032813
0 0.757031 0.849219 0.039062 0.039062
0 0.446094 0.221094 0.076563 0.076563
0 0.128125 0.954688 0.059375 0.059375
0 0.842187 0.956250 0.046875 0.046875
0 0.074219 0.196094 0.092188 0.092188
