0 0.254688 0.560937 0.093750 0.093750
0 0.114844 0.891406 0.051562 0.051562
0 0.733594 0.678906 0.032813 0.032813
0 0.485938 0.551562 0.087500 0.087500
0 0.836719 0.594531 0.045312 0.045312
0 0.921875 0.590625 0.090625 0.090625
0 0.865625 0.940625 0.059375 0.059375
0 0.798438 0.525000 0.037500 0.037500
0 0.235156 0.055469 0.064062 0.064062
0 0.598437 0.289062 0.065625 0.065625
0 0.153906 0.036719 0.035937 0.035937
0 0.973437 0.456250 0.031250 0.031250
0 0.143750 0.464062 0.065625 0.065625
0 0.564063 0.698438 0.078125 0.078125
0 0.675000 0.425000 0.084375 0.084375
0 0.847656 0.760156 0.098437 0.098437
0 0.432031 0.674219 0.048438 0.048438
0 0.882031 0.286719 0.054688 0.054688
0 0.054688 0.385937 0.065625 0.065625
0 0.675781 0.180469 0.045312 0.045312
