0 0.207031 0.360156 0.057813 0.057813
0 0.496094 0.697656 0.042188 0.042188
0 0.827344 0.733594 0.085938 0.085938
0 0.711719 0.647656 0.092188 0.092188
0 0.123438 0.843750 0.081250 0.081250
0 0.730469 0.182031 0.079687 0.079687
0 0.602344 0.916406 0.076563 0.076563
0 0.517188 0.114062 0.037500 0.037500
0 0.391406 0.735156 0.098437 0.098437
0 0.221094 0.638281 0.029687 0.029687
0 0.850000 0.140625 0.056250 0.056250
0 0.801562 0.565625 0.081250 0.081250
0 0.204687 0.162500 0.034375 0.034375
0 0.197656 0.975781 0.032813 0.032813
0 0.639844 0.836719 0.035937 0.035937
0 0.301563 0.467187 0.037500 0.037500
0 0.963281 0.925781 0.042188 0.042188
0 0.294531 0.210156 0.098437 0.098437
0 0.900000 0.423438 0.046875 0.046875
