0 0.125781 0.452344 0.035937 0.035937
0 0.631250 0.450000 0.087500 0.087500
0 0.067969 0.692969 0.035937 0.035937
0 0.660937 0.895312 0.065625 0.065625
0 0.514062 0.606250 0.046875 0.046875
0 0.787500 0.115625 0.062500 0.062500
0 0.297656 0.533594 0.067187 0.067187
0 0.449219 0.236719 0.045312 0.045312
0 0.239844 0.827344 0.095312 0.095312
0 0.762500 0.831250 0.046875 0.046875
0 0.457813 0.468750 0.065625 0.065625
0 0.297656 0.114844 0.064062 0.064062
0 0.353125 0.675000 0.053125 0.053125
0 0.148438 0.250000 0.093750 0.093750
0 0.575781 0.838281 0.082812 0.082812
0 0.621094 0.566406 0.089063 0.089063
0 0.364063 0.459375 0.068750 0.068750
