0 0.461719 0.047656 0.070312 0.070312
0 0.496875 0.120313 0.062500 0.062500
0 0.500781 0.607031 0.039062 0.039062
0 0.467187 0.379688 0.034375 0.034375
0 0.577344 0.955469 0.029687 0.029687
0 0.592187 0.051562 0.084375 0.084375
0 0.910937 0.918750 0.090625 0.090625
0 0.191406 0.286719 0.039062 0.039062
0 0.784375 0.759375 0.065625 0.065625
0 0.371094 0.046094 0.039062 0.039062
0 0.600781 0.296094 0.098437 0.098437
0 0.560937 0.545312 0.053125 0.053125
0 0.428125 0.845313 0.068750 0.068750
0 0.611719 0.874219 0.082812 0.082812
0 0.692969 0.957031 0.051562 0.051562
0 0.373437 0.204687 0.075000 0.075000
