0 0.978125 0.170313 0.043750 0.043750
0 0.471875 0.567187 0.096875 0.096875
0 0.529687 0.139063 0.075000 0.075000
0 0.514844 0.867969 0.060937 0.060937
0 0.084375 0.587500 0.053125 0.053125
0 0.239844 0.830469 0.067187 0.067187
0 0.033594 0.324219 0.057813 0.057813
0 0.042188 0.475000 0.078125 0.078125
0 0.846875 0.475000 0.081250 0.081250
0 0.425781 0.074219 0.057813 0.057813
0 0.379688 0.853125 0.040625 0.040625
0 0.226562 0.582812 0.062500 0.062500
0 0.231250 0.509375 0.050000 0.050000
0 0.638281 0.549219 0.039062 0.039062
0 0.596875 0.300000 0.040625 0.040625
