0 0.421094 0.600781 0.029687 0.029687
0 0.479687 0.923438 0.078125 0.078125
0 0.807031 0.202344 0.045312 0.045312
0 0.134375 0.921875 0.059375 0.059375
0 0.360156 0.444531 0.085938 0.085938
0 0.364063 0.229687 0.075000 0.075000
0 0.797656 0.288281 0.042188 0.042188
0 0.668750 0.309375 0.053125 0.053125
0 0.204687 0.632812 0.065625 0.065625
0 0.852344 0.088281 0.095312 0.095312
0 0.846094 0.910156 0.079687 0.079687
0 0.528906 0.080469 0.054688 0.054688
0 0.189062 0.409375 0.037500 0.037500
0 0.090625 0.107813 0.031250 0.031250
