0 0.254688 0.626563 0.046875 0.046875
0 0.364844 0.488281 0.085938 0.085938
0 0.523438 0.562500 0.031250 0.031250
0 0.368750 0.720313 0.081250 0.081250
0 0.403125 0.907813 0.068750 0.068750
0 0.413281 0.072656 0.085938 0.085938
0 0.717187 0.214062 0.075000 0.075000
0 0.171875 0.939063 0.071875 0.071875
0 0.254688 0.501563 0.043750 0.043750
0 0.224219 0.114844 0.082812 0.082812
0 0.141406 0.335156 0.089063 0.089063
0 0.918750 0.934375 0.062500 0.062500
0 0.499219 0.180469 0.085938 0.085938
0 0.909375 0.220312 0.040625 0.040625
0 0.593750 0.673438 0.084375 0.084375
0 0.529687 0.768750 0.050000 0.050000
0 0.571875 0.312500 0.081250 0.081250
0 0.132031 0.224219 0.095312 0.095312
