0 0.362500 0.317188 0.059375 0.059375
0 0.421875 0.418750 0.053125 0.053125
0 0.144531 0.782031 0.035937 0.035937
0 0.083594 0.410156 0.067187 0.067187
0 0.143750 0.229687 0.053125 0.053125
0 0.284375 0.260937 0.059375 0.059375
0 0.929688 0.700000 0.034375 0.034375
0 0.171875 0.165625 0.050000 0.050000
0 0.242969 0.369531 0.029687 0.029687
0 0.778906 0.208594 0.079687 0.079687
0 0.769531 0.557031 0.092188 0.092188
0 0.492188 0.295312 0.040625 0.040625
0 0.889062 0.156250 0.065625 0.065625
0 0.285156 0.521094 0.092188 0.092188
