0 0.187500 0.348438 0.068750 0.068750
0 0.113281 0.508594 0.042188 0.042188
0 0.318750 0.775000 0.071875 0.071875
0 0.547656 0.972656 0.035937 0.035937
0 0.086719 0.264844 0.048438 0.048438
0 0.326562 0.214062 0.087500 0.087500
0 0.277344 0.882031 0.032813 0.032813
0 0.922656 0.185156 0.064062 0.064062
0 0.422656 0.419531 0.051562 0.051562
0 0.744531 0.544531 0.079687 0.079687
0 0.402344 0.499219 0.082812 0.082812
0 0.318750 0.387500 0.068750 0.068750
0 0.191406 0.032031 0.045312 0.045312
0 0.594531 0.744531 0.051562 0.051562
