0 0.567969 0.067969 0.060937 0.060937
0 0.039062 0.567187 0.078125 0.078125
0 0.244531 0.296094 0.082812 0.082812
0 0.150000 0.968750 0.037500 0.037500
0 0.251563 0.932813 0.031250 0.031250
0 0.551562 0.831250 0.084375 0.084375
0 0.283594 0.628906 0.085938 0.085938
0 0.876563 0.846875 0.037500 0.037500
0 0.939063 0.656250 0.059375 0.059375
0 0.723437 0.701562 0.043750 0.043750
0 0.925781 0.730469 0.039062 0.039062
0 0.710156 0.860156 0.051562 0.051562
0 0.723437 0.473438 0.075000 0.075000
0 0.435156 0.152344 0.079687 0.079687
0 0.088281 0.808594 0.095312 0.095312
0 0.839063 0.751563 0.071875 0.071875
0 0.427344 0.858594 0.057813 0.057813
0 0.166406 0.186719 0.051562 0.051562
