0 0.846094 0.824219 0.029687 0.029687
0 0.522656 0.392969 0.032813 0.032813
0 0.632031 0.694531 0.089063 0.089063
0 0.473438 0.089063 0.046875 0.046875
0 0.403125 0.390625 0.093750 0.093750
0 0.516406 0.686719 0.042188 0.042188
0 0.355469 0.667969 0.070312 0.070312
0 0.962500 0.285938 0.037500 0.037500
0 0.594531 0.360156 0.060937 0.060937
0 0.663281 0.802344 0.073438 0.073438
0 0.702344 0.455469 0.085938 0.085938
0 0.155469 0.855469 0.032813 0.032813
0 0.232031 0.619531 0.089063 0.089063
0 0.617188 0.539062 0.040625 0.040625
