0 0.202344 0.485156 0.095312 0.095312
0 0.428906 0.088281 0.051562 0.051562
0 0.940625 0.612500 0.050000 0.050000
0 0.632031 0.850781 0.098437 0.098437
0 0.916406 0.739844 0.089063 0.089063
0 0.060937 0.421875 0.075000 0.075000
0 0.499219 0.250781 0.070312 0.070312
0 0.764844 0.038281 0.045312 0.045312
0 0.164062 0.225000 0.087500 0.087500
0 0.859375 0.910937 0.071875 0.071875
0 0.055469 0.835156 0.079687 0.079687
0 0.192969 0.908594 0.032813 0.032813
0 0.084375 0.593750 0.031250 0.031250
0 0.193750 0.671875 0.056250 0.056250
0 0.271875 0.257812 0.046875 0.046875
