0 0.550781 0.322656 0.051562 0.051562
0 0.729688 0.326562 0.053125 0.053125
0 0.318750 0.870313 0.062500 0.062500
0 0.735938 0.253125 0.078125 0.078125
0 0.425000 0.660937 0.034375 0.034375
0 0.195312 0.289062 0.075000 0.075000
0 0.957812 0.401562 0.053125 0.053125
0 0.592187 0.912500 0.050000 0.050000
0 0.228125 0.651563 0.037500 0.037500
0 0.903125 0.142187 0.056250 0.056250
0 0.751563 0.162500 0.071875 0.071875
0 0.393750 0.532813 0.087500 0.087500
0 0.150000 0.075000 0.062500 0.062500
0 0.834375 0.826562 0.037500 0.037500
