0 0.520312 0.814063 0.043750 0.043750
0 0.780469 0.246094 0.045312 0.045312
0 0.959375 0.509375 0.071875 0.071875
0 0.278125 0.375000 0.071875 0.071875
0 0.379688 0.767188 0.078125 0.078125
0 0.725781 0.135156 0.085938 0.085938
0 0.477344 0.619531 0.051562 0.051562
0 0.154688 0.689063 0.050000 0.050000
0 0.664062 0.529687 0.034375 0.034375
0 0.341406 0.617969 0.039062 0.039062
0 0.089063 0.851562 0.096875 0.096875
0 0.275000 0.515625 0.062500 0.062500
0 0.388281 0.264844 0.067187 0.067187
0 0.507031 0.122656 0.035937 0.035937
0 0.178125 0.075000 0.059375 0.059375
0 0.659375 0.396875 0.084375 0.084375
0 0.763281 0.672656 0.064062 0.064062
