0 0.621875 0.373437 0.075000 0.075000
0 0.114844 0.096094 0.064062 0.064062
0 0.559375 0.656250 0.087500 0.087500
0 0.682813 0.962500 0.075000 0.075000
0 0.146875 0.026562 0.043750 0.043750
0 0.746875 0.379688 0.096875 0.096875
0 0.517969 0.266406 0.095312 0.095312
0 0.068750 0.189062 0.081250 0.081250
0 0.085938 0.326562 0.050000 0.050000
0 0.495312 0.457813 0.075000 0.075000
0 0.839063 0.387500 0.059375 0.059375
0 0.552344 0.094531 0.064062 0.064062
0 0.478906 0.852344 0.092188 0.092188
0 0.404687 0.353125 0.093750 0.093750
0 0.252344 0.958594 0.051562 0.051562
0 0.459375 0.075000 0.065625 0.065625
0 0.856250 0.593750 0.040625 0.040625
0 0.173437 0.167187 0.050000 0.050000
