0 0.146875 0.776563 0.046875 0.046875
0 0.897656 0.260156 0.089063 0.089063
0 0.659375 0.179688 0.081250 0.081250
0 0.684375 0.829688 0.050000 0.050000
0 0.315625 0.287500 0.065625 0.065625
0 0.321875 0.393750 0.043750 0.043750
0 0.632031 0.692969 0.035937 0.035937
0 0.824219 0.863281 0.051562 0.051562
0 0.899219 0.821094 0.051562 0.051562
0 0.667188 0.581250 0.046875 0.046875
0 0.074219 0.549219 0.048438 0.048438
0 0.135156 0.175781 0.076563 0.076563
0 0.683594 0.507031 0.092188 0.092188
0 0.227344 0.110156 0.070312 0.070312
0 0.128125 0.642188 0.090625 0.090625
0 0.142187 0.882812 0.084375 0.084375
0 0.477344 0.732031 0.064062 0.064062
0 0.520312 0.162500 0.034375 0.034375
0 0.452344 0.178906 0.035937 0.035937
