0 0.910156 0.458594 0.079687 0.079687
0 0.478906 0.358594 0.073438 0.073438
0 0.698438 0.740625 0.043750 0.043750
0 0.205469 0.928906 0.095312 0.095312
0 0.333594 0.563281 0.035937 0.035937
0 0.915625 0.156250 0.075000 0.075000
0 0.411719 0.833594 0.035937 0.035937
0 0.080469 0.258594 0.070312 0.070312
0 0.791406 0.272656 0.070312 0.070312
0 0.662500 0.864062 0.053125 0.053125
0 0.659375 0.345313 0.056250 0.056250
0 0.113281 0.536719 0.042188 0.042188
0 0.256250 0.445312 0.078125 0.078125
0 0.709375 0.125000 0.068750 0.068750
0 0.292187 0.820312 0.037500 0.037500
0 0.182812 0.709375 0.053125 0.053125
0 0.556250 0.196875 0.053125 0.053125
0 0.267969 0.538281 0.060937 0.060937
0 0.427344 0.503906 0.098437 0.098437
