0 0.327344 0.397656 0.076563 0.076563
0 0.676562 0.550000 0.087500 0.087500
0 0.496875 0.631250 0.068750 0.068750
0 0.534375 0.835938 0.075000 0.075000
0 0.560156 0.094531 0.042188 0.042188
0 0.959375 0.598437 0.053125 0.053125
0 0.107813 0.479687 0.071875 0.071875
0 0.256250 0.117188 0.046875 0.046875
0 0.932813 0.879687 0.081250 0.081250
0 0.905469 0.285156 0.054688 0.054688
0 0.083594 0.733594 0.051562 0.051562
0 0.201563 0.962500 0.065625 0.065625
0 0.625000 0.139063 0.056250 0.056250
0 0.171875 0.740625 0.034375 0.034375
0 0.362500 0.104688 0.053125 0.053125
0 0.665625 0.367188 0.062500 0.062500
