0 0.121094 0.530469 0.067187 0.067187
0 0.843750 0.895312 0.059375 0.059375
0 0.531250 0.418750 0.071875 0.071875
0 0.682813 0.804688 0.096875 0.096875
0 0.916406 0.710156 0.035937 0.035937
0 0.453906 0.474219 0.076563 0.076563
0 0.286719 0.153906 0.095312 0.095312
0 0.750000 0.721875 0.034375 0.034375
0 0.707031 0.564844 0.039062 0.039062
0 0.489063 0.304688 0.087500 0.087500
0 0.362500 0.531250 0.037500 0.037500
0 0.467969 0.180469 0.048438 0.048438
0 0.917969 0.172656 0.064062 0.064062
0 0.746875 0.603125 0.037500 0.037500
