0 0.124219 0.761719 0.095312 0.095312
0 0.885938 0.868750 0.062500 0.062500
0 0.535156 0.553906 0.076563 0.076563
0 0.246094 0.107031 0.057813 0.057813
0 0.825781 0.247656 0.079687 0.079687
0 0.266406 0.671094 0.076563 0.076563
0 0.076563 0.396875 0.037500 0.037500
0 0.615625 0.376563 0.087500 0.087500
0 0.162500 0.632812 0.087500 0.087500
0 0.462500 0.100000 0.071875 0.071875
0 0.428125 0.343750 0.046875 0.046875
0 0.697656 0.980469 0.039062 0.039062
0 0.321875 0.160938 0.081250 0.081250
0 0.973437 0.893750 0.034375 0.034375
