0 0.461719 0.339844 0.035937 0.035937
0 0.928906 0.575781 0.076563 0.076563
0 0.115625 0.582812 0.081250 0.081250
0 0.401562 0.631250 0.096875 0.096875
0 0.967969 0.969531 0.039062 0.039062
0 0.551562 0.590625 0.050000 0.050000
0 0.307812 0.951562 0.043750 0.043750
0 0.251563 0.728125 0.040625 0.040625
0 0.253125 0.915625 0.059375 0.059375
0 0.178125 0.489063 0.090625 0.090625
0 0.039844 0.783594 0.073438 0.073438
0 0.632812 0.431250 0.031250 0.031250
0 0.092188 0.167187 0.075000 0.075000
0 0.572656 0.058594 0.051562 0.051562
