0 0.298438 0.184375 0.037500 0.037500
0 0.634375 0.307812 0.071875 0.071875
0 0.936719 0.691406 0.070312 0.070312
0 0.226562 0.210938 0.037500 0.037500
0 0.859375 0.226562 0.090625 0.090625
0 0.175781 0.277344 0.085938 0.085938
0 0.178906 0.022656 0.032813 0.032813
0 0.360938 0.629687 0.075000 0.075000
0 0.743750 0.260937 0.053125 0.053125
0 0.285938 0.851562 0.071875 0.071875
0 0.110937 0.531250 0.078125 0.078125
0 0.541406 0.674219 0.042188 0.042188
0 0.435156 0.791406 0.048438 0.048438
0 0.085938 0.126562 0.053125 0.053125
0 0.810156 0.766406 0.070312 0.070312
0 0.446875 0.320312 0.071875 0.071875
0 0.798438 0.518750 0.093750 0.093750
0 0.657031 0.532031 0.092188 0.092188
