0 0.270313 0.076563 0.053125 0.053125
0 0.933594 0.167969 0.067187 0.067187
0 0.154688 0.896875 0.078125 0.078125
0 0.632812 0.051562 0.078125 0.078125
0 0.143750 0.367188 0.081250 0.081250
0 0.637500 0.882812 0.071875 0.071875
0 0.892188 0.725000 0.062500 0.062500
0 0.142187 0.745313 0.053125 0.053125
0 0.057031 0.788281 0.035937 0.035937
0 0.282813 0.654687 0.090625 0.090625
0 0.742188 0.882812 0.084375 0.084375
0 0.215625 0.456250 0.040625 0.040625
0 0.533594 0.411719 0.098437 0.098437
0 0.508594 0.232031 0.051562 0.051562
0 0.241406 0.258594 0.064062 0.064062
