0 0.876563 0.637500 0.090625 0.090625
0 0.495312 0.359375 0.050000 0.050000
0 0.167969 0.458594 0.045312 0.045312
0 0.315625 0.032813 0.040625 0.040625
0 0.334375 0.085938 0.056250 0.056250
0 0.157031 0.235156 0.067187 0.067187
0 0.124219 0.105469 0.060937 0.060937
0 0.515625 0.585938 0.078125 0.078125
0 0.234375 0.654687 0.062500 0.062500
0 0.053125 0.129688 0.068750 0.068750
0 0.291406 0.578906 0.042188 0.042188
0 0.362500 0.748437 0.068750 0.068750
0 0.482031 0.244531 0.076563 0.076563
0 0.267969 0.908594 0.082812 0.082812
0 0.596875 0.862500 0.031250 0.031250
0 0.101562 0.428125 0.071875 0.071875
