0 0.577344 0.125781 0.073438 0.073438
0 0.790625 0.539062 0.084375 0.084375
0 0.438281 0.700781 0.042188 0.042188
0 0.795312 0.200000 0.071875 0.071875
0 0.294531 0.191406 0.089063 0.089063
0 0.217188 0.870313 0.065625 0.065625
0 0.696094 0.252344 0.042188 0.042188
0 0.441406 0.836719 0.082812 0.082812
0 0.194531 0.722656 0.070312 0.070312
0 0.574219 0.439844 0.057813 0.057813
0 0.531250 0.245312 0.093750 0.093750
0 0.661719 0.885156 0.048438 0.048438
0 0.128125 0.537500 0.046875 0.046875
0 0.339844 0.572656 0.092188 0.092188
0 0.095312 0.114062 0.090625 0.090625
0 0.323437 0.087500 0.056250 0.056250
