0 0.239844 0.727344 0.029687 0.029687
0 0.237500 0.954688 0.050000 0.050000
0 0.065625 0.615625 0.050000 0.050000
0 0.520312 0.878125 0.062500 0.062500
0 0.488281 0.163281 0.070312 0.070312
0 0.603125 0.240625 0.081250 0.081250
0 0.563281 0.085156 0.035937 0.035937
0 0.339844 0.417969 0.060937 0.060937
0 0.928906 0.136719 0.051562 0.051562
0 0.124219 0.458594 0.089063 0.089063
0 0.553125 0.692187 0.081250 0.081250
0 0.782813 0.893750 0.056250 0.056250
0 0.750781 0.464844 0.060937 0.060937
0 0.107031 0.094531 0.067187 0.067187
0 0.793750 0.712500 0.034375 0.034375
0 0.508594 0.407031 0.073438 0.073438
0 0.607031 0.502344 0.029687 0.029687
0 0.760938 0.809375 0.031250 0.031250
0 0.202344 0.561719 0.039062 0.039062
0 0.255469 0.361719 0.048438 0.048438
