0 0.937500 0.276562 0.037500 0.037500
0 0.911719 0.164844 0.057813 0.057813
0 0.109375 0.207813 0.031250 0.031250
0 0.885156 0.796094 0.064062 0.064062
0 0.122656 0.105469 0.048438 0.048438
0 0.288281 0.274219 0.070312 0.070312
0 0.825781 0.074219 0.070312 0.070312
0 0.922656 0.925781 0.085938 0.085938
0 0.574219 0.605469 0.032813 0.032813
0 0.563281 0.446094 0.057813 0.057813
0 0.703906 0.167969 0.092188 0.092188
0 0.418750 0.360938 0.081250 0.081250
0 0.220312 0.812500 0.096875 0.096875
0 0.442969 0.183594 0.085938 0.085938
0 0.226562 0.476562 0.078125 0.078125
0 0.428125 0.850000 0.034375 0.034375
0 0.521094 0.060156 0.035937 0.035937
0 0.336719 0.027344 0.029687 0.029687
0 0.807813 0.281250 0.040625 0.040625
0 0.664844 0.388281 0.079687 0.079687
