0 0.621875 0.803125 0.040625 0.040625
0 0.785937 0.498437 0.059375 0.059375
0 0.751563 0.376563 0.059375 0.059375
0 0.884375 0.535937 0.068750 0.068750
0 0.254688 0.868750 0.087500 0.087500
0 0.868750 0.167187 0.081250 0.081250
0 0.607031 0.907031 0.032813 0.032813
0 0.794531 0.761719 0.064062 0.064062
0 0.413281 0.410156 0.064062 0.064062
0 0.125000 0.440625 0.043750 0.043750
0 0.679688 0.596875 0.037500 0.037500
0 0.039844 0.352344 0.067187 0.067187
0 0.445312 0.787500 0.046875 0.046875
0 0.530469 0.497656 0.095312 0.095312
0 0.578125 0.706250 0.050000 0.050000
0 0.475000 0.285938 0.087500 0.087500
