0 0.925781 0.892969 0.045312 0.045312
0 0.556250 0.046875 0.071875 0.071875
0 0.045312 0.801562 0.056250 0.056250
0 0.294531 0.196094 0.029687 0.029687
0 0.303906 0.777344 0.054688 0.054688
0 0.764062 0.846875 0.084375 0.084375
0 0.286719 0.047656 0.067187 0.067187
0 0.254688 0.912500 0.087500 0.087500
0 0.381250 0.159375 0.084375 0.084375
0 0.150000 0.023438 0.037500 0.037500
0 0.511719 0.896094 0.045312 0.045312
0 0.844531 0.755469 0.070312 0.070312
0 0.949219 0.157031 0.048438 0.048438
0 0.382812 0.392188 0.059375 0.059375
0 0.229687 0.634375 0.043750 0.043750
0 0.226562 0.342187 0.062500 0.062500
0 0.371875 0.643750 0.084375 0.084375
0 0.817969 0.172656 0.032813 0.032813
0 0.914844 0.594531 0.032813 0.032813
