0 0.922656 0.388281 0.048438 0.048438
0 0.666406 0.144531 0.035937 0.035937
0 0.463281 0.952344 0.095312 0.095312
0 0.946094 0.828906 0.035937 0.035937
0 0.033594 0.871094 0.035937 0.035937
0 0.653906 0.736719 0.092188 0.092188
0 0.975781 0.407031 0.029687 0.029687
0 0.151562 0.165625 0.059375 0.059375
0 0.536719 0.508594 0.048438 0.048438
0 0.578125 0.818750 0.062500 0.062500
0 0.181250 0.317188 0.031250 0.031250
0 0.160156 0.417969 0.057813 0.057813
0 0.378906 0.939844 0.039062 0.039062
0 0.042969 0.613281 0.057813 0.057813
0 0.468750 0.235937 0.096875 0.096875
