0 0.596094 0.197656 0.076563 0.076563
0 0.621875 0.884375 0.050000 0.050000
0 0.150781 0.110156 0.073438 0.073438
0 0.303906 0.819531 0.042188 0.042188
0 0.635156 0.558594 0.051562 0.051562
0 0.972656 0.535156 0.035937 0.035937
0 0.087500 0.750000 0.046875 0.046875
0 0.242969 0.846094 0.048438 0.048438
0 0.796094 0.867969 0.076563 0.076563
0 0.474219 0.549219 0.067187 0.067187
0 0.171875 0.921875 0.040625 0.040625
0 0.655469 0.683594 0.067187 0.067187
0 0.737500 0.214062 0.093750 0.093750
0 0.892969 0.686719 0.095312 0.095312
0 0.333594 0.603906 0.089063 0.089063
0 0.396875 0.825000 0.090625 0.090625
0 0.808594 0.530469 0.029687 0.029687
0 0.164844 0.633594 0.095312 0.095312
0 0.750781 0.528906 0.060937 0.060937
