0 0.326562 0.598437 0.068750 0.068750
0 0.089844 0.286719 0.079687 0.079687
0 0.725000 0.139063 0.081250 0.081250
0 0.396094 0.949219 0.054688 0.054688
0 0.527344 0.730469 0.054688 0.054688
0 0.339844 0.335156 0.085938 0.085938
0 0.293750 0.864062 0.062500 0.062500
0 0.945312 0.201563 0.084375 0.084375
0 0.466406 0.889844 0.042188 0.042188
0 0.369531 0.149219 0.095312 0.095312
0 0.172656 0.877344 0.039062 0.039062
0 0.580469 0.622656 0.051562 0.051562
0 0.658594 0.691406 0.039062 0.039062
0 0.906250 0.084375 0.084375 0.084375
0 0.660156 0.897656 0.070312 0.070312
0 0.525781 0.863281 0.035937 0.035937
0 0.227344 0.585156 0.070312 0.070312
0 0.585156 0.269531 0.057813 0.057813
0 0.894531 0.424219 0.042188 0.042188
