0 0.495312 0.971875 0.050000 0.050000
0 0.407031 0.127344 0.051562 0.051562
0 0.904687 0.353125 0.081250 0.081250
0 0.608594 0.811719 0.089063 0.089063
0 0.737500 0.770312 0.056250 0.056250
0 0.125000 0.376563 0.040625 0.040625
0 0.117188 0.948438 0.059375 0.059375
0 0.500000 0.192188 0.096875 0.096875
0 0.447656 0.688281 0.085938 0.085938
0 0.820312 0.421875 0.062500 0.062500
0 0.537500 0.542188 0.087500 0.087500
0 0.256250 0.214062 0.046875 0.046875
0 0.695312 0.484375 0.065625 0.065625
0 0.152344 0.627344 0.098437 0.098437
0 0.785156 0.269531 0.073438 0.073438
0 0.298438 0.407813 0.056250 0.056250
0 0.349219 0.292969 0.092188 0.092188
0 0.117969 0.161719 0.042188 0.042188
