0 0.214844 0.185156 0.054688 0.054688
0 0.292187 0.410938 0.040625 0.040625
0 0.223438 0.387500 0.037500 0.037500
0 0.792969 0.247656 0.073438 0.073438
0 0.194531 0.583594 0.070312 0.070312
0 0.255469 0.821094 0.095312 0.095312
0 0.541406 0.547656 0.054688 0.054688
0 0.780469 0.549219 0.092188 0.092188
0 0.955469 0.447656 0.073438 0.073438
0 0.635938 0.890625 0.081250 0.081250
0 0.952344 0.113281 0.076563 0.076563
0 0.125781 0.147656 0.079687 0.079687
0 0.750781 0.136719 0.082812 0.082812
0 0.234375 0.253125 0.062500 0.062500
0 0.457031 0.128906 0.060937 0.060937
0 0.650781 0.694531 0.035937 0.035937
