0 0.632031 0.430469 0.032813 0.032813
0 0.183594 0.908594 0.082812 0.082812
0 0.609375 0.043750 0.056250 0.056250
0 0.556250 0.610938 0.087500 0.087500
0 0.750000 0.248438 0.043750 0.043750
0 0.112500 0.567187 0.087500 0.087500
0 0.278906 0.466406 0.039062 0.039062
0 0.612500 0.770312 0.043750 0.043750
0 0.367188 0.425000 0.081250 0.081250
0 0.563281 0.761719 0.039062 0.039062
0 0.508594 0.460156 0.064062 0.064062
0 0.197656 0.544531 0.054688 0.054688
0 0.050000 0.846875 0.093750 0.093750
0 0.966406 0.410156 0.067187 0.067187
