0 0.705469 0.683594 0.073438 0.073438
0 0.215625 0.854688 0.068750 0.068750
0 0.563281 0.639844 0.042188 0.042188
0 0.574219 0.727344 0.067187 0.067187
0 0.178906 0.160156 0.089063 0.089063
0 0.047656 0.274219 0.054688 0.054688
0 0.029687 0.368750 0.053125 0.053125
0 0.820312 0.132812 0.056250 0.056250
0 0.266406 0.577344 0.073438 0.073438
0 0.543750 0.200000 0.090625 0.090625
0 0.914844 0.275781 0.070312 0.070312
0 0.344531 0.789844 0.092188 0.092188
0 0.801562 0.910937 0.046875 0.046875
0 0.957031 0.627344 0.070312 0.070312
0 0.916406 0.182031 0.076563 0.076563
0 0.621875 0.534375 0.050000 0.050000
