0 0.510938 0.475000 0.031250 0.031250
0 0.120313 0.100000 0.040625 0.040625
0 0.217969 0.735156 0.064062 0.064062
0 0.153125 0.957812 0.040625 0.040625
0 0.421094 0.663281 0.076563 0.076563
0 0.852344 0.619531 0.064062 0.064062
0 0.658594 0.391406 0.060937 0.060937
0 0.775000 0.468750 0.071875 0.071875
0 0.615625 0.287500 0.056250 0.056250
0 0.671094 0.503906 0.035937 0.035937
0 0.560156 0.908594 0.035937 0.035937
0 0.205469 0.636719 0.035937 0.035937
0 0.928125 0.315625 0.068750 0.068750
0 0.141406 0.816406 0.060937 0.060937
0 0.198437 0.331250 0.031250 0.031250
0 0.265625 0.162500 0.050000 0.050000
0 0.346875 0.282813 0.034375 0.034375
0 0.953125 0.687500 0.062500 0.062500
0 0.395313 0.575000 0.062500 0.062500
