0 0.586719 0.749219 0.082812 0.082812
0 0.931250 0.484375 0.096875 0.096875
0 0.473438 0.198437 0.065625 0.065625
0 0.490625 0.479687 0.078125 0.078125
0 0.339844 0.850781 0.095312 0.095312
0 0.442188 0.770312 0.046875 0.046875
0 0.788281 0.475781 0.057813 0.057813
0 0.360156 0.378906 0.082812 0.082812
0 0.405469 0.497656 0.057813 0.057813
0 0.895312 0.064062 0.087500 0.087500
0 0.140625 0.603125 0.087500 0.087500
0 0.097656 0.478906 0.032813 0.032813
0 0.846094 0.316406 0.073438 0.073438
0 0.955469 0.578906 0.076563 0.076563
0 0.259375 0.293750 0.034375 0.034375
0 0.165625 0.518750 0.062500 0.062500
0 0.153125 0.798438 0.056250 0.056250
