0 0.907813 0.295312 0.090625 0.090625
0 0.410938 0.432812 0.084375 0.084375
0 0.086719 0.571094 0.054688 0.054688
0 0.526563 0.523438 0.087500 0.087500
0 0.744531 0.700781 0.076563 0.076563
0 0.139844 0.499219 0.039062 0.039062
0 0.235937 0.546875 0.090625 0.090625
0 0.760938 0.485938 0.059375 0.059375
0 0.383594 0.608594 0.067187 0.067187
0 0.189062 0.954688 0.031250 0.031250
0 0.957812 0.178125 0.031250 0.031250
0 0.810156 0.199219 0.085938 0.085938
0 0.313281 0.044531 0.042188 0.042188
0 0.278125 0.650000 0.037500 0.037500
