0 0.956250 0.481250 0.065625 0.065625
0 0.725781 0.219531 0.073438 0.073438
0 0.740625 0.517188 0.059375 0.059375
0 0.212500 0.303125 0.081250 0.081250
0 0.285156 0.213281 0.054688 0.054688
0 0.760938 0.398438 0.037500 0.037500
0 0.250000 0.792188 0.078125 0.078125
0 0.964844 0.927344 0.048438 0.048438
0 0.780469 0.127344 0.095312 0.095312
0 0.363281 0.385156 0.095312 0.095312
0 0.900781 0.813281 0.060937 0.060937
0 0.854688 0.425000 0.065625 0.065625
0 0.691406 0.867969 0.089063 0.089063
0 0.552344 0.714844 0.029687 0.029687
0 0.327344 0.124219 0.070312 0.070312
0 0.926562 0.160938 0.040625 0.040625
