0 0.514844 0.563281 0.060937 0.060937
0 0.276562 0.785937 0.046875 0.046875
0 0.451562 0.064062 0.050000 0.050000
0 0.050000 0.029687 0.037500 0.037500
0 0.115625 0.245312 0.078125 0.078125
0 0.963281 0.666406 0.051562 0.051562
0 0.331250 0.050000 0.071875 0.071875
0 0.403125 0.073438 0.043750 0.043750
0 0.377344 0.152344 0.082812 0.082812
0 0.687500 0.612500 0.068750 0.068750
0 0.117188 0.567187 0.062500 0.062500
0 0.409375 0.232813 0.040625 0.040625
0 0.729688 0.720313 0.071875 0.071875
0 0.753125 0.321875 0.059375 0.059375
