0 0.920312 0.845313 0.068750 0.068750
0 0.293750 0.398438 0.071875 0.071875
0 0.213281 0.524219 0.085938 0.085938
0 0.153906 0.252344 0.048438 0.048438
0 0.376563 0.514062 0.093750 0.093750
0 0.279687 0.798438 0.084375 0.084375
0 0.686719 0.753906 0.073438 0.073438
0 0.898438 0.298438 0.096875 0.096875
0 0.367188 0.710938 0.087500 0.087500
0 0.591406 0.911719 0.067187 0.067187
0 0.700000 0.656250 0.078125 0.078125
0 0.091406 0.102344 0.048438 0.048438
0 0.460938 0.396875 0.046875 0.046875
0 0.535156 0.317969 0.098437 0.098437
