0 0.451562 0.571875 0.096875 0.096875
0 0.874219 0.439844 0.098437 0.098437
0 0.295312 0.554688 0.056250 0.056250
0 0.043750 0.217188 0.068750 0.068750
0 0.064844 0.896094 0.042188 0.042188
0 0.901563 0.615625 0.075000 0.075000
0 0.891406 0.213281 0.039062 0.039062
0 0.087500 0.554688 0.053125 0.053125
0 0.968750 0.235937 0.046875 0.046875
0 0.450000 0.778125 0.065625 0.065625
0 0.601562 0.382812 0.037500 0.037500
0 0.196875 0.401562 0.093750 0.093750
0 0.167969 0.589844 0.057813 0.057813
0 0.221875 0.948438 0.050000 0.050000
0 0.082812 0.690625 0.081250 0.081250
0 0.324219 0.107031 0.057813 0.057813
0 0.120313 0.162500 0.037500 0.037500
0 0.156250 0.075000 0.081250 0.081250
