0 0.862500 0.282813 0.037500 0.037500
0 0.608594 0.192969 0.048438 0.048438
0 0.707031 0.621094 0.098437 0.098437
0 0.225000 0.760938 0.087500 0.087500
0 0.578125 0.807813 0.050000 0.050000
0 0.479687 0.695312 0.078125 0.078125
0 0.880469 0.922656 0.092188 0.092188
0 0.125781 0.364844 0.032813 0.032813
0 0.563281 0.952344 0.032813 0.032813
0 0.085156 0.791406 0.035937 0.035937
0 0.631250 0.512500 0.062500 0.062500
0 0.463281 0.499219 0.073438 0.073438
0 0.167969 0.647656 0.051562 0.051562
0 0.862500 0.198437 0.068750 0.068750
0 0.111719 0.091406 0.089063 0.089063
0 0.514844 0.425781 0.070312 0.070312
0 0.844531 0.089844 0.073438 0.073438
0 0.294531 0.250781 0.095312 0.095312
