0 0.703906 0.263281 0.039062 0.039062
0 0.431250 0.620313 0.034375 0.034375
0 0.067969 0.689844 0.048438 0.048438
0 0.211719 0.700781 0.048438 0.048438
0 0.903125 0.150000 0.068750 0.068750
0 0.674219 0.813281 0.057813 0.057813
0 0.704688 0.575000 0.078125 0.078125
0 0.314844 0.867969 0.048438 0.048438
0 0.893750 0.848437 0.081250 0.081250
0 0.223438 0.457813 0.059375 0.059375
0 0.948438 0.307812 0.075000 0.075000
0 0.852344 0.378906 0.054688 0.054688
0 0.328125 0.531250 0.065625 0.065625
0 0.717969 0.899219 0.089063 0.089063
0 0.707031 0.732031 0.092188 0.092188
0 0.233594 0.277344 0.098437 0.098437
0 0.275000 0.182812 0.040625 0.040625
