0 0.916406 0.864844 0.051562 0.051562
0 0.137500 0.798438 0.081250 0.081250
0 0.613281 0.099219 0.079687 0.079687
0 0.321094 0.814844 0.048438 0.048438
0 0.875000 0.545312 0.068750 0.068750
0 0.394531 0.461719 0.076563 0.076563
0 0.592187 0.953125 0.087500 0.087500
0 0.568750 0.443750 0.053125 0.053125
0 0.290625 0.650000 0.078125 0.078125
0 0.694531 0.967969 0.042188 0.042188
0 0.133594 0.197656 0.045312 0.045312
0 0.820312 0.081250 0.065625 0.065625
0 0.655469 0.532031 0.070312 0.070312
0 0.378125 0.551562 0.046875 0.046875
0 0.753125 0.748437 0.078125 0.078125
0 0.721875 0.540625 0.050000 0.050000
0 0.894531 0.064844 0.057813 0.057813
0 0.875781 0.747656 0.085938 0.085938
0 0.067187 0.062500 0.053125 0.053125
