0 0.581250 0.731250 0.059375 0.059375
0 0.855469 0.314844 0.048438 0.048438
0 0.168750 0.268750 0.043750 0.043750
0 0.602344 0.494531 0.067187 0.067187
0 0.912500 0.957812 0.050000 0.050000
0 0.336719 0.316406 0.029687 0.029687
0 0.402344 0.407031 0.085938 0.085938
0 0.135937 0.481250 0.053125 0.053125
0 0.120313 0.342187 0.031250 0.031250
0 0.185156 0.785156 0.054688 0.054688
0 0.310937 0.779687 0.093750 0.093750
0 0.265625 0.478125 0.065625 0.065625
0 0.219531 0.383594 0.095312 0.095312
0 0.698438 0.575000 0.043750 0.043750
0 0.832812 0.829688 0.075000 0.075000
