0 0.438281 0.577344 0.032813 0.032813
0 0.478125 0.382812 0.031250 0.031250
0 0.096094 0.263281 0.032813 0.032813
0 0.582031 0.475781 0.085938 0.085938
0 0.564844 0.800781 0.092188 0.092188
0 0.289844 0.557031 0.085938 0.085938
0 0.900000 0.721875 0.053125 0.053125
0 0.120313 0.425000 0.078125 0.078125
0 0.419531 0.189844 0.048438 0.048438
0 0.705469 0.857031 0.067187 0.067187
0 0.031250 0.659375 0.056250 0.056250
0 0.688281 0.336719 0.045312 0.045312
0 0.850781 0.803906 0.082812 0.082812
0 0.417187 0.979688 0.034375 0.034375
0 0.153125 0.042188 0.081250 0.081250
0 0.153906 0.202344 0.082812 0.082812
0 0.372656 0.786719 0.079687 0.079687
