0 0.122656 0.283594 0.070312 0.070312
0 0.782813 0.857812 0.075000 0.075000
0 0.696094 0.442969 0.070312 0.070312
0 0.982031 0.683594 0.029687 0.029687
0 0.853125 0.715625 0.075000 0.075000
0 0.243750 0.345313 0.071875 0.071875
0 0.682031 0.722656 0.051562 0.051562
0 0.217188 0.095312 0.040625 0.040625
0 0.078906 0.578906 0.045312 0.045312
0 0.590625 0.476562 0.034375 0.034375
0 0.625781 0.041406 0.067187 0.067187
0 0.705469 0.157031 0.073438 0.073438
0 0.042188 0.125000 0.046875 0.046875
0 0.703906 0.275781 0.098437 0.098437
0 0.520312 0.542188 0.078125 0.078125
0 0.890625 0.921875 0.050000 0.050000
0 0.327344 0.799219 0.076563 0.076563
0 0.525000 0.348438 0.090625 0.090625
0 0.485938 0.217188 0.075000 0.075000
0 0.060156 0.049219 0.079687 0.079687
