0 0.843750 0.253125 0.062500 0.062500
0 0.316406 0.810156 0.089063 0.089063
0 0.360938 0.445312 0.075000 0.075000
0 0.330469 0.324219 0.064062 0.064062
0 0.876563 0.520312 0.043750 0.043750
0 0.817969 0.917969 0.070312 0.070312
0 0.635938 0.400000 0.081250 0.081250
0 0.679688 0.756250 0.062500 0.062500
0 0.088281 0.105469 0.095312 0.095312
0 0.210156 0.294531 0.095312 0.095312
0 0.928125 0.684375 0.084375 0.084375
0 0.050000 0.273438 0.068750 0.068750
0 0.637500 0.632812 0.068750 0.068750
0 0.794531 0.236719 0.032813 0.032813
0 0.097656 0.496094 0.032813 0.032813
