0 0.265625 0.245312 0.046875 0.046875
0 0.944531 0.200781 0.067187 0.067187
0 0.723437 0.210938 0.078125 0.078125
0 0.365625 0.762500 0.065625 0.065625
0 0.586719 0.775781 0.051562 0.051562
0 0.485938 0.909375 0.084375 0.084375
0 0.813281 0.458594 0.035937 0.035937
0 0.227344 0.328906 0.032813 0.032813
0 0.085938 0.121875 0.096875 0.096875
0 0.186719 0.263281 0.032813 0.032813
0 0.907031 0.538281 0.076563 0.076563
0 0.901563 0.367188 0.062500 0.062500
0 0.645312 0.746875 0.046875 0.046875
0 0.325781 0.586719 0.089063 0.089063
0 0.596875 0.185938 0.040625 0.040625
0 0.410156 0.335156 0.092188 0.092188
0 0.951562 0.368750 0.031250 0.031250
0 0.459375 0.584375 0.065625 0.065625
0 0.158594 0.510156 0.039062 0.039062
0 0.905469 0.728906 0.070312 0.070312
