0 0.391406 0.611719 0.035937 0.035937
0 0.532031 0.150781 0.092188 0.092188
0 0.681250 0.307812 0.056250 0.056250
0 0.121875 0.123438 0.078125 0.078125
0 0.163281 0.305469 0.079687 0.079687
0 0.392969 0.808594 0.076563 0.076563
0 0.619531 0.791406 0.073438 0.073438
0 0.442969 0.358594 0.095312 0.095312
0 0.747656 0.117969 0.064062 0.064062
0 0.686719 0.889844 0.042188 0.042188
0 0.208594 0.539844 0.048438 0.048438
0 0.823438 0.451562 0.062500 0.062500
0 0.232813 0.900000 0.053125 0.053125
0 0.942187 0.700000 0.096875 0.096875
