0 0.917969 0.233594 0.070312 0.070312
0 0.920312 0.728125 0.065625 0.065625
0 0.678125 0.601562 0.053125 0.053125
0 0.621875 0.885938 0.056250 0.056250
0 0.159375 0.473438 0.059375 0.059375
0 0.205469 0.388281 0.073438 0.073438
0 0.067187 0.912500 0.050000 0.050000
0 0.374219 0.313281 0.035937 0.035937
0 0.571875 0.476562 0.040625 0.040625
0 0.584375 0.751563 0.096875 0.096875
0 0.778125 0.878125 0.031250 0.031250
0 0.731250 0.160938 0.081250 0.081250
0 0.385937 0.087500 0.090625 0.090625
0 0.769531 0.414844 0.095312 0.095312
0 0.171094 0.858594 0.092188 0.092188
0 0.052344 0.388281 0.076563 0.076563
0 0.098437 0.470313 0.053125 0.053125
