0 0.868750 0.759375 0.087500 0.087500
0 0.628125 0.214062 0.096875 0.096875
0 0.096875 0.384375 0.046875 0.046875
0 0.559375 0.831250 0.043750 0.043750
0 0.454688 0.237500 0.084375 0.084375
0 0.762500 0.592187 0.053125 0.053125
0 0.431250 0.067187 0.093750 0.093750
0 0.318750 0.842187 0.037500 0.037500
0 0.713281 0.789844 0.076563 0.076563
0 0.119531 0.049219 0.048438 0.048438
0 0.371094 0.417969 0.048438 0.048438
0 0.600000 0.973437 0.037500 0.037500
0 0.889062 0.964063 0.037500 0.037500
0 0.810937 0.426563 0.078125 0.078125
0 0.772656 0.916406 0.070312 0.070312
0 0.151562 0.828125 0.087500 0.087500
0 0.084375 0.732812 0.034375 0.034375
0 0.890625 0.332813 0.071875 0.071875
