0 0.588281 0.185156 0.051562 0.051562
0 0.619531 0.235156 0.039062 0.039062
0 0.865625 0.168750 0.040625 0.040625
0 0.264062 0.656250 0.043750 0.043750
0 0.399219 0.549219 0.035937 0.035937
0 0.734375 0.493750 0.062500 0.062500
0 0.223438 0.859375 0.056250 0.056250
0 0.564063 0.087500 0.062500 0.062500
0 0.796094 0.647656 0.042188 0.042188
0 0.453906 0.783594 0.029687 0.029687
0 0.082031 0.152344 0.067187 0.067187
0 0.593750 0.760938 0.078125 0.078125
0 0.047656 0.569531 0.042188 0.042188
0 0.196875 0.695312 0.056250 0.056250
0 0.485938 0.846875 0.087500 0.087500
0 0.395313 0.134375 0.040625 0.040625
0 0.400781 0.389844 0.076563 0.076563
0 0.826562 0.881250 0.093750 0.093750
