0 0.017969 0.908594 0.035937 0.035937
0 0.115625 0.095312 0.056250 0.056250
0 0.592187 0.910937 0.056250 0.056250
0 0.679688 0.487500 0.037500 0.037500
0 0.360938 0.406250 0.043750 0.043750
0 0.239844 0.291406 0.067187 0.067187
0 0.592969 0.271094 0.048438 0.048438
0 0.198437 0.857812 0.078125 0.078125
0 0.803906 0.052344 0.070312 0.070312
0 0.378125 0.032813 0.043750 0.043750
0 0.275781 0.144531 0.057813 0.057813
0 0.055469 0.188281 0.085938 0.085938
0 0.742188 0.295312 0.068750 0.068750
0 0.225781 0.463281 0.095312 0.095312
0 0.362500 0.593750 0.034375 0.034375
0 0.839844 0.697656 0.064062 0.064062
0 0.288281 0.897656 0.098437 0.098437
0 0.900781 0.075781 0.092188 0.092188
0 0.764844 0.696094 0.064062 0.064062
