0 0.426563 0.164062 0.065625 0.065625
0 0.581250 0.450000 0.059375 0.059375
0 0.198437 0.318750 0.093750 0.093750
0 0.602344 0.914844 0.082812 0.082812
0 0.535156 0.316406 0.098437 0.098437
0 0.131250 0.645312 0.059375 0.059375
0 0.817969 0.297656 0.064062 0.064062
0 0.728906 0.739844 0.070312 0.070312
0 0.936719 0.346094 0.076563 0.076563
0 0.521094 0.636719 0.089063 0.089063
0 0.313281 0.444531 0.089063 0.089063
0 0.360156 0.903906 0.082812 0.082812
0 0.255469 0.125781 0.039062 0.039062
0 0.777344 0.227344 0.073438 0.073438
0 0.758594 0.647656 0.060937 0.060937
