0 0.158594 0.217969 0.048438 0.048438
0 0.178125 0.432812 0.050000 0.050000
0 0.591406 0.071094 0.098437 0.098437
0 0.548438 0.496875 0.090625 0.090625
0 0.879687 0.267188 0.050000 0.050000
0 0.157812 0.740625 0.062500 0.062500
0 0.914844 0.213281 0.032813 0.032813
0 0.303906 0.085156 0.060937 0.060937
0 0.432812 0.568750 0.071875 0.071875
0 0.210938 0.376563 0.034375 0.034375
0 0.100000 0.114062 0.068750 0.068750
0 0.660937 0.753125 0.093750 0.093750
0 0.444531 0.897656 0.051562 0.051562
0 0.568750 0.206250 0.096875 0.096875
0 0.797656 0.389844 0.032813 0.032813
