0 0.031250 0.700000 0.043750 0.043750
0 0.950781 0.064844 0.035937 0.035937
0 0.250000 0.264062 0.062500 0.062500
0 0.815625 0.232813 0.040625 0.040625
0 0.190625 0.576562 0.043750 0.043750
0 0.884375 0.387500 0.059375 0.059375
0 0.434375 0.379688 0.046875 0.046875
0 0.169531 0.150781 0.042188 0.042188
0 0.466406 0.847656 0.076563 0.076563
0 0.383594 0.036719 0.054688 0.054688
0 0.922656 0.307031 0.085938 0.085938
0 0.734375 0.473438 0.075000 0.075000
0 0.372656 0.147656 0.079687 0.079687
0 0.945312 0.598437 0.084375 0.084375
0 0.823438 0.481250 0.040625 0.040625
0 0.672656 0.128906 0.032813 0.032813
