0 0.103906 0.569531 0.064062 0.064062
0 0.845313 0.753125 0.050000 0.050000
0 0.817187 0.307812 0.071875 0.071875
0 0.173437 0.437500 0.043750 0.043750
0 0.242188 0.865625 0.053125 0.053125
0 0.627344 0.683594 0.085938 0.085938
0 0.933594 0.375781 0.032813 0.032813
0 0.795312 0.042188 0.037500 0.037500
0 0.803125 0.748437 0.031250 0.031250
0 0.882031 0.499219 0.082812 0.082812
0 0.372656 0.136719 0.035937 0.035937
0 0.057031 0.642969 0.042188 0.042188
0 0.223438 0.345313 0.059375 0.059375
0 0.136719 0.900781 0.054688 0.054688
0 0.394531 0.575781 0.095312 0.095312
0 0.288281 0.753906 0.054688 0.054688
0 0.358594 0.669531 0.070312 0.070312
0 0.867188 0.071875 0.062500 0.062500
0 0.725781 0.050781 0.057813 0.057813
0 0.480469 0.813281 0.039062 0.039062
