0 0.046094 0.083594 0.032813 0.032813
0 0.673438 0.685937 0.090625 0.090625
0 0.614062 0.609375 0.056250 0.056250
0 0.689844 0.121094 0.035937 0.035937
0 0.277344 0.921094 0.042188 0.042188
0 0.825781 0.364844 0.092188 0.092188
0 0.279687 0.835938 0.053125 0.053125
0 0.635156 0.524219 0.073438 0.073438
0 0.181250 0.825000 0.068750 0.068750
0 0.494531 0.730469 0.060937 0.060937
0 0.160938 0.428125 0.078125 0.078125
0 0.060156 0.783594 0.045312 0.045312
0 0.103906 0.564844 0.092188 0.092188
0 0.836719 0.057031 0.098437 0.098437
0 0.789062 0.798438 0.031250 0.031250
0 0.503906 0.305469 0.042188 0.042188
0 0.388281 0.894531 0.073438 0.073438
0 0.564844 0.499219 0.045312 0.045312
0 0.855469 0.458594 0.045312 0.045312
0 0.913281 0.760156 0.032813 0.032813
