0 0.891406 0.875781 0.039062 0.039062
0 0.942187 0.126562 0.040625 0.040625
0 0.574219 0.928906 0.035937 0.035937
0 0.693750 0.675000 0.040625 0.040625
0 0.894531 0.633594 0.076563 0.076563
0 0.602344 0.761719 0.095312 0.095312
0 0.257812 0.951562 0.031250 0.031250
0 0.075000 0.864062 0.065625 0.065625
0 0.083594 0.732031 0.064062 0.064062
0 0.591406 0.852344 0.042188 0.042188
0 0.812500 0.882812 0.034375 0.034375
0 0.931250 0.509375 0.065625 0.065625
0 0.459375 0.096875 0.046875 0.046875
0 0.593750 0.276562 0.093750 0.093750
0 0.803906 0.669531 0.098437 0.098437
0 0.449219 0.816406 0.042188 0.042188
