0 0.897656 0.455469 0.064062 0.064062
0 0.141406 0.974219 0.032813 0.032813
0 0.840625 0.603125 0.084375 0.084375
0 0.864062 0.809375 0.078125 0.078125
0 0.886719 0.035156 0.054688 0.054688
0 0.182812 0.109375 0.056250 0.056250
0 0.325000 0.207813 0.059375 0.059375
0 0.131250 0.545312 0.071875 0.071875
0 0.907031 0.724219 0.085938 0.085938
0 0.653125 0.620313 0.081250 0.081250
0 0.279687 0.132812 0.087500 0.087500
0 0.026562 0.151562 0.050000 0.050000
0 0.097656 0.271094 0.042188 0.042188
0 0.618750 0.164062 0.040625 0.040625
0 0.742188 0.164062 0.037500 0.037500
0 0.556250 0.156250 0.043750 0.043750
0 0.782813 0.367188 0.078125 0.078125
