0 0.828125 0.489063 0.093750 0.093750
0 0.546875 0.846875 0.050000 0.050000
0 0.665625 0.407813 0.034375 0.034375
0 0.257031 0.497656 0.089063 0.089063
0 0.365625 0.379688 0.087500 0.087500
0 0.453906 0.692969 0.067187 0.067187
0 0.256250 0.748437 0.090625 0.090625
0 0.154688 0.606250 0.062500 0.062500
0 0.623437 0.223438 0.037500 0.037500
0 0.516406 0.069531 0.060937 0.060937
0 0.446094 0.533594 0.035937 0.035937
0 0.843750 0.560937 0.043750 0.043750
0 0.707031 0.617969 0.098437 0.098437
0 0.076563 0.473438 0.043750 0.043750
0 0.175000 0.062500 0.090625 0.090625
