0 0.650000 0.176563 0.075000 0.075000
0 0.346875 0.121875 0.037500 0.037500
0 0.250000 0.639062 0.034375 0.034375
0 0.921875 0.082812 0.068750 0.068750
0 0.146875 0.703125 0.087500 0.087500
0 0.679688 0.289062 0.068750 0.068750
0 0.268750 0.910937 0.093750 0.093750
0 0.560937 0.960938 0.040625 0.040625
0 0.472656 0.924219 0.095312 0.095312
0 0.174219 0.017969 0.029687 0.029687
0 0.417969 0.267969 0.085938 0.085938
0 0.799219 0.142969 0.029687 0.029687
0 0.671094 0.569531 0.085938 0.085938
0 0.828125 0.800000 0.034375 0.034375
0 0.388281 0.744531 0.089063 0.089063
0 0.764844 0.563281 0.085938 0.085938
0 0.712500 0.378125 0.046875 0.046875
