0 0.055469 0.833594 0.079687 0.079687
0 0.083594 0.746094 0.073438 0.073438
0 0.673438 0.412500 0.090625 0.090625
0 0.276562 0.217188 0.046875 0.046875
0 0.741406 0.824219 0.098437 0.098437
0 0.867969 0.216406 0.089063 0.089063
0 0.810156 0.099219 0.042188 0.042188
0 0.065625 0.296875 0.053125 0.053125
0 0.942969 0.622656 0.042188 0.042188
0 0.892969 0.444531 0.057813 0.057813
0 0.705469 0.022656 0.029687 0.029687
0 0.203906 0.527344 0.085938 0.085938
0 0.543750 0.117188 0.046875 0.046875
0 0.389062 0.885938 0.075000 0.075000
0 0.173437 0.787500 0.043750 0.043750
0 0.439844 0.605469 0.051562 0.051562
0 0.422656 0.533594 0.079687 0.079687
