0 0.202344 0.275781 0.051562 0.051562
0 0.479687 0.900000 0.034375 0.034375
0 0.725000 0.645312 0.071875 0.071875
0 0.668750 0.851562 0.043750 0.043750
0 0.504687 0.220312 0.081250 0.081250
0 0.592187 0.426563 0.034375 0.034375
0 0.296875 0.839063 0.034375 0.034375
0 0.884375 0.857812 0.065625 0.065625
0 0.237500 0.975000 0.040625 0.040625
0 0.096094 0.196094 0.045312 0.045312
0 0.194531 0.807031 0.032813 0.032813
0 0.946094 0.132031 0.051562 0.051562
0 0.726562 0.873437 0.040625 0.040625
0 0.139063 0.501563 0.062500 0.062500
0 0.770312 0.728125 0.043750 0.043750
