0 0.773438 0.031250 0.043750 0.043750
0 0.287500 0.959375 0.031250 0.031250
0 0.127344 0.128906 0.054688 0.054688
0 0.467969 0.296094 0.060937 0.060937
0 0.390625 0.270313 0.068750 0.068750
0 0.686719 0.136719 0.032813 0.032813
0 0.733594 0.661719 0.095312 0.095312
0 0.781250 0.850000 0.043750 0.043750
0 0.834375 0.304688 0.062500 0.062500
0 0.462500 0.453125 0.059375 0.059375
0 0.560156 0.169531 0.073438 0.073438
0 0.175000 0.423438 0.081250 0.081250
0 0.157812 0.217188 0.062500 0.062500
0 0.618750 0.762500 0.059375 0.059375
