0 0.058594 0.594531 0.039062 0.039062
0 0.064062 0.500000 0.093750 0.093750
0 0.462500 0.635938 0.065625 0.065625
0 0.220312 0.795312 0.059375 0.059375
0 0.156250 0.067187 0.043750 0.043750
0 0.421094 0.117969 0.051562 0.051562
0 0.474219 0.558594 0.076563 0.076563
0 0.410156 0.342969 0.098437 0.098437
0 0.125781 0.838281 0.042188 0.042188
0 0.789844 0.557031 0.076563 0.076563
0 0.796094 0.683594 0.070312 0.070312
0 0.400781 0.657031 0.039062 0.039062
0 0.810937 0.118750 0.043750 0.043750
0 0.644531 0.327344 0.098437 0.098437
0 0.560156 0.222656 0.032813 0.032813
0 0.327344 0.108594 0.085938 0.085938
0 0.678125 0.870313 0.078125 0.078125
0 0.364844 0.833594 0.095312 0.095312
0 0.132812 0.268750 0.043750 0.043750
0 0.218750 0.690625 0.034375 0.034375
