0 0.680469 0.900781 0.060937 0.060937
0 0.087500 0.028125 0.056250 0.056250
0 0.932031 0.058594 0.048438 0.048438
0 0.969531 0.585156 0.057813 0.057813
0 0.946875 0.400000 0.031250 0.031250
0 0.646094 0.599219 0.042188 0.042188
0 0.171094 0.533594 0.035937 0.035937
0 0.453125 0.581250 0.053125 0.053125
0 0.711719 0.749219 0.092188 0.092188
0 0.385156 0.821094 0.054688 0.054688
0 0.516406 0.710156 0.064062 0.064062
0 0.157812 0.240625 0.068750 0.068750
0 0.571875 0.600000 0.062500 0.062500
0 0.142187 0.475000 0.037500 0.037500
0 0.200781 0.317969 0.070312 0.070312
0 0.315625 0.807813 0.071875 0.071875
