0 0.203125 0.290625 0.075000 0.075000
0 0.498437 0.854688 0.034375 0.034375
0 0.235156 0.116406 0.076563 0.076563
0 0.765625 0.821875 0.075000 0.075000
0 0.452344 0.686719 0.073438 0.073438
0 0.103906 0.860156 0.048438 0.048438
0 0.440625 0.201563 0.034375 0.034375
0 0.508594 0.589844 0.085938 0.085938
0 0.910937 0.668750 0.037500 0.037500
0 0.142969 0.566406 0.076563 0.076563
0 0.314844 0.666406 0.092188 0.092188
0 0.537500 0.967187 0.034375 0.034375
0 0.335938 0.956250 0.034375 0.034375
0 0.694531 0.271094 0.098437 0.098437
0 0.139844 0.408594 0.070312 0.070312
0 0.335938 0.457813 0.056250 0.056250
0 0.577344 0.750781 0.051562 0.051562
0 0.214062 0.948438 0.065625 0.065625
