0 0.610156 0.308594 0.035937 0.035937
0 0.689844 0.738281 0.032813 0.032813
0 0.668750 0.107813 0.084375 0.084375
0 0.224219 0.497656 0.085938 0.085938
0 0.493750 0.223438 0.059375 0.059375
0 0.775000 0.182812 0.059375 0.059375
0 0.706250 0.321875 0.087500 0.087500
0 0.282813 0.337500 0.084375 0.084375
0 0.154688 0.140625 0.034375 0.034375
0 0.525000 0.515625 0.053125 0.053125
0 0.856250 0.081250 0.046875 0.046875
0 0.728906 0.935156 0.057813 0.057813
0 0.139063 0.768750 0.084375 0.084375
0 0.443750 0.335938 0.081250 0.081250
0 0.275781 0.044531 0.045312 0.045312
0 0.158594 0.242969 0.070312 0.070312
