0 0.121875 0.665625 0.081250 0.081250
0 0.586719 0.808594 0.079687 0.079687
0 0.096094 0.158594 0.082812 0.082812
0 0.308594 0.792969 0.089063 0.089063
0 0.837500 0.528125 0.031250 0.031250
0 0.294531 0.700781 0.048438 0.048438
0 0.591406 0.375781 0.035937 0.035937
0 0.772656 0.655469 0.095312 0.095312
0 0.839844 0.397656 0.070312 0.070312
0 0.904687 0.589063 0.087500 0.087500
0 0.383594 0.635156 0.070312 0.070312
0 0.687500 0.107813 0.046875 0.046875
0 0.674219 0.936719 0.076563 0.076563
0 0.410156 0.446094 0.057813 0.057813
