0 0.039062 0.412500 0.053125 0.053125
0 0.482031 0.914844 0.095312 0.095312
0 0.692187 0.896875 0.034375 0.034375
0 0.528906 0.792969 0.054688 0.054688
0 0.938281 0.807031 0.089063 0.089063
0 0.299219 0.891406 0.029687 0.029687
0 0.409375 0.503125 0.031250 0.031250
0 0.730469 0.761719 0.082812 0.082812
0 0.142969 0.732031 0.042188 0.042188
0 0.658594 0.442969 0.051562 0.051562
0 0.271094 0.135156 0.070312 0.070312
0 0.750781 0.250781 0.076563 0.076563
0 0.153906 0.080469 0.092188 0.092188
0 0.360156 0.442969 0.035937 0.035937
0 0.875781 0.542969 0.045312 0.045312
0 0.071875 0.135937 0.031250 0.031250
