0 0.697656 0.463281 0.082812 0.082812
0 0.774219 0.478906 0.064062 0.064062
0 0.353125 0.109375 0.096875 0.096875
0 0.519531 0.444531 0.076563 0.076563
0 0.373437 0.214062 0.037500 0.037500
0 0.140625 0.143750 0.065625 0.065625
0 0.718750 0.557813 0.046875 0.046875
0 0.578906 0.285156 0.073438 0.073438
0 0.675781 0.741406 0.042188 0.042188
0 0.438281 0.828906 0.045312 0.045312
0 0.190625 0.476562 0.065625 0.065625
0 0.875000 0.953125 0.075000 0.075000
0 0.765625 0.710938 0.071875 0.071875
0 0.180469 0.263281 0.073438 0.073438
0 0.745313 0.225000 0.096875 0.096875
0 0.381250 0.903125 0.087500 0.087500
0 0.887500 0.621875 0.031250 0.031250
0 0.142187 0.370312 0.075000 0.075000
