0 0.846875 0.253125 0.053125 0.053125
0 0.186719 0.872656 0.098437 0.098437
0 0.696094 0.133594 0.039062 0.039062
0 0.760938 0.453125 0.078125 0.078125
0 0.079687 0.318750 0.068750 0.068750
0 0.078125 0.784375 0.053125 0.053125
0 0.245312 0.706250 0.075000 0.075000
0 0.578125 0.907813 0.075000 0.075000
0 0.189844 0.964844 0.048438 0.048438
0 0.210938 0.503125 0.078125 0.078125
0 0.852344 0.061719 0.054688 0.054688
0 0.259375 0.639062 0.034375 0.034375
0 0.403906 0.158594 0.064062 0.064062
0 0.571875 0.750000 0.081250 0.081250
0 0.098437 0.401562 0.059375 0.059375
