0 0.560937 0.845313 0.031250 0.031250
0 0.388281 0.242969 0.060937 0.060937
0 0.942969 0.408594 0.085938 0.085938
0 0.757031 0.908594 0.057813 0.057813
0 0.175000 0.921875 0.031250 0.031250
0 0.639844 0.339844 0.095312 0.095312
0 0.617188 0.639062 0.084375 0.084375
0 0.768750 0.303125 0.062500 0.062500
0 0.938281 0.664844 0.042188 0.042188
0 0.217188 0.734375 0.065625 0.065625
0 0.193750 0.425000 0.090625 0.090625
0 0.780469 0.717969 0.045312 0.045312
0 0.317188 0.779687 0.078125 0.078125
0 0.291406 0.497656 0.029687 0.029687
