0 0.801562 0.367188 0.068750 0.068750
0 0.942187 0.337500 0.046875 0.046875
0 0.284375 0.923438 0.096875 0.096875
0 0.701562 0.906250 0.050000 0.050000
0 0.693750 0.393750 0.096875 0.096875
0 0.785937 0.182812 0.065625 0.065625
0 0.526563 0.762500 0.050000 0.050000
0 0.160938 0.804688 0.078125 0.078125
0 0.425000 0.467187 0.034375 0.034375
0 0.418750 0.357812 0.037500 0.037500
0 0.650781 0.696094 0.039062 0.039062
0 0.174219 0.885156 0.042188 0.042188
0 0.253125 0.134375 0.050000 0.050000
0 0.901563 0.062500 0.034375 0.034375
0 0.065625 0.476562 0.071875 0.071875
0 0.569531 0.264844 0.070312 0.070312
0 0.110156 0.164844 0.076563 0.076563
0 0.383594 0.827344 0.064062 0.064062
