0 0.177344 0.292969 0.064062 0.064062
0 0.879687 0.751563 0.096875 0.096875
0 0.100781 0.436719 0.032813 0.032813
0 0.658594 0.300781 0.045312 0.045312
0 0.486719 0.771094 0.042188 0.042188
0 0.168750 0.660937 0.062500 0.062500
0 0.925000 0.517188 0.075000 0.075000
0 0.272656 0.924219 0.085938 0.085938
0 0.567969 0.803906 0.060937 0.060937
0 0.432812 0.050000 0.090625 0.090625
0 0.636719 0.697656 0.076563 0.076563
0 0.702344 0.869531 0.029687 0.029687
0 0.662500 0.575000 0.056250 0.056250
0 0.189844 0.535156 0.039062 0.039062
