0 0.246875 0.882812 0.081250 0.081250
0 0.334375 0.860938 0.084375 0.084375
0 0.262500 0.192188 0.081250 0.081250
0 0.087500 0.184375 0.046875 0.046875
0 0.155469 0.144531 0.076563 0.076563
0 0.613281 0.880469 0.089063 0.089063
0 0.361719 0.747656 0.092188 0.092188
0 0.159375 0.250000 0.068750 0.068750
0 0.805469 0.772656 0.064062 0.064062
0 0.882031 0.663281 0.085938 0.085938
0 0.632812 0.407813 0.062500 0.062500
0 0.736719 0.208594 0.082812 0.082812
0 0.911719 0.158594 0.067187 0.067187
0 0.032813 0.806250 0.050000 0.050000
0 0.847656 0.027344 0.045312 0.045312
0 0.605469 0.585156 0.067187 0.067187
0 0.622656 0.169531 0.085938 0.085938
0 0.171094 0.424219 0.089063 0.089063
0 0.871094 0.941406 0.039062 0.039062
0 0.660156 0.636719 0.029687 0.029687
