0 0.867188 0.248438 0.087500 0.087500
0 0.561719 0.730469 0.064062 0.064062
0 0.150000 0.425000 0.078125 0.078125
0 0.846094 0.874219 0.070312 0.070312
0 0.335156 0.288281 0.095312 0.095312
0 0.853125 0.528125 0.093750 0.093750
0 0.614844 0.872656 0.032813 0.032813
0 0.307812 0.520312 0.096875 0.096875
0 0.566406 0.925781 0.070312 0.070312
0 0.193750 0.695312 0.034375 0.034375
0 0.709375 0.639062 0.084375 0.084375
0 0.793750 0.373437 0.037500 0.037500
0 0.689844 0.850781 0.060937 0.060937
0 0.393750 0.821875 0.093750 0.093750
0 0.740625 0.528125 0.050000 0.050000
0 0.187500 0.837500 0.087500 0.087500
0 0.494531 0.605469 0.054688 0.054688
0 0.335938 0.932813 0.059375 0.059375
