0 0.595313 0.228125 0.043750 0.043750
0 0.212500 0.542188 0.056250 0.056250
0 0.469531 0.811719 0.079687 0.079687
0 0.735156 0.314844 0.082812 0.082812
0 0.040625 0.464062 0.046875 0.046875
0 0.082031 0.285156 0.048438 0.048438
0 0.648438 0.542188 0.046875 0.046875
0 0.235937 0.360938 0.050000 0.050000
0 0.871094 0.649219 0.073438 0.073438
0 0.616406 0.171094 0.032813 0.032813
0 0.692187 0.793750 0.081250 0.081250
0 0.639844 0.917969 0.098437 0.098437
0 0.531250 0.804688 0.031250 0.031250
0 0.907813 0.212500 0.084375 0.084375
0 0.072656 0.719531 0.079687 0.079687
0 0.331250 0.340625 0.040625 0.040625
0 0.361719 0.438281 0.067187 0.067187
0 0.181250 0.654687 0.071875 0.071875
