0 0.460938 0.651563 0.053125 0.053125
0 0.760938 0.040625 0.071875 0.071875
0 0.936719 0.392969 0.098437 0.098437
0 0.300000 0.435937 0.053125 0.053125
0 0.740625 0.596875 0.093750 0.093750
0 0.900781 0.494531 0.039062 0.039062
0 0.237500 0.468750 0.043750 0.043750
0 0.270313 0.285938 0.093750 0.093750
0 0.763281 0.386719 0.054688 0.054688
0 0.851562 0.082812 0.043750 0.043750
0 0.442188 0.314063 0.078125 0.078125
0 0.606250 0.642188 0.087500 0.087500
0 0.950781 0.149219 0.054688 0.054688
0 0.798438 0.500000 0.068750 0.068750
0 0.526563 0.820312 0.050000 0.050000
0 0.431250 0.528125 0.046875 0.046875
0 0.085156 0.405469 0.051562 0.051562
