0 0.071875 0.875000 0.059375 0.059375
0 0.124219 0.786719 0.070312 0.070312
0 0.683594 0.894531 0.076563 0.076563
0 0.622656 0.060156 0.070312 0.070312
0 0.080469 0.507031 0.045312 0.045312
0 0.160156 0.189844 0.039062 0.039062
0 0.689844 0.760156 0.079687 0.079687
0 0.556250 0.737500 0.040625 0.040625
0 0.251563 0.289062 0.059375 0.059375
0 0.563281 0.446094 0.085938 0.085938
0 0.507031 0.894531 0.073438 0.073438
0 0.403125 0.684375 0.093750 0.093750
0 0.361719 0.803906 0.095312 0.095312
0 0.539844 0.297656 0.085938 0.085938
0 0.668750 0.317188 0.090625 0.090625
0 0.392969 0.430469 0.045312 0.045312
0 0.910156 0.127344 0.064062 0.064062
0 0.227344 0.946094 0.057813 0.057813
