0 0.128125 0.884375 0.096875 0.096875
0 0.044531 0.310156 0.060937 0.060937
0 0.971094 0.346094 0.057813 0.057813
0 0.338281 0.397656 0.045312 0.045312
0 0.466406 0.507031 0.032813 0.032813
0 0.639062 0.795312 0.068750 0.068750
0 0.146875 0.709375 0.081250 0.081250
0 0.550781 0.557031 0.076563 0.076563
0 0.541406 0.141406 0.051562 0.051562
0 0.202344 0.417969 0.032813 0.032813
0 0.928125 0.675000 0.078125 0.078125
0 0.110937 0.632812 0.050000 0.050000
0 0.708594 0.230469 0.032813 0.032813
0 0.756250 0.062500 0.046875 0.046875
