0 0.332813 0.035937 0.071875 0.071875
0 0.678125 0.123438 0.096875 0.096875
0 0.568750 0.632812 0.050000 0.050000
0 0.892969 0.852344 0.095312 0.095312
0 0.241406 0.753906 0.082812 0.082812
0 0.340625 0.673438 0.034375 0.034375
0 0.585938 0.218750 0.062500 0.062500
0 0.046094 0.874219 0.067187 0.067187
0 0.353906 0.602344 0.032813 0.032813
0 0.931250 0.379688 0.081250 0.081250
0 0.720313 0.235937 0.093750 0.093750
0 0.928906 0.749219 0.048438 0.048438
0 0.722656 0.386719 0.064062 0.064062
0 0.089063 0.317188 0.043750 0.043750
0 0.661719 0.980469 0.029687 0.029687
0 0.035937 0.700000 0.059375 0.059375
