0 0.504687 0.564063 0.078125 0.078125
0 0.880469 0.149219 0.098437 0.098437
0 0.806250 0.439063 0.065625 0.065625
0 0.659375 0.495312 0.078125 0.078125
0 0.326562 0.367188 0.037500 0.037500
0 0.792969 0.644531 0.054688 0.054688
0 0.292187 0.446875 0.081250 0.081250
0 0.315625 0.787500 0.071875 0.071875
0 0.406250 0.062500 0.043750 0.043750
0 0.410156 0.888281 0.029687 0.029687
0 0.930469 0.632031 0.089063 0.089063
0 0.303125 0.079687 0.043750 0.043750
0 0.685156 0.802344 0.054688 0.054688
0 0.628906 0.246094 0.032813 0.032813
0 0.669531 0.678906 0.039062 0.039062
0 0.737500 0.298438 0.081250 0.081250
0 0.064844 0.772656 0.057813 0.057813
0 0.885156 0.261719 0.054688 0.054688
0 0.960156 0.963281 0.070312 0.070312
0 0.129688 0.915625 0.037500 0.037500
