0 0.534375 0.245312 0.090625 0.090625
0 0.866406 0.108594 0.042188 0.042188
0 0.632031 0.899219 0.039062 0.039062
0 0.650781 0.850781 0.032813 0.032813
0 0.157031 0.238281 0.092188 0.092188
0 0.758594 0.558594 0.082812 0.082812
0 0.708594 0.742969 0.035937 0.035937
0 0.799219 0.664844 0.085938 0.085938
0 0.388281 0.669531 0.073438 0.073438
0 0.806250 0.478125 0.040625 0.040625
0 0.905469 0.650781 0.079687 0.079687
0 0.314844 0.246094 0.064062 0.064062
0 0.872656 0.258594 0.039062 0.039062
0 0.300781 0.866406 0.082812 0.082812
0 0.351562 0.600000 0.053125 0.053125
0 0.275781 0.367969 0.085938 0.085938
0 0.329688 0.089063 0.093750 0.093750
0 0.617969 0.463281 0.039062 0.039062
0 0.249219 0.182031 0.042188 0.042188
0 0.752344 0.296094 0.048438 0.048438
