0 0.646094 0.839844 0.092188 0.092188
0 0.817969 0.036719 0.039062 0.039062
0 0.898438 0.614062 0.090625 0.090625
0 0.735156 0.141406 0.073438 0.073438
0 0.835938 0.292187 0.046875 0.046875
0 0.198437 0.735938 0.068750 0.068750
0 0.623437 0.521875 0.065625 0.065625
0 0.937500 0.918750 0.087500 0.087500
0 0.149219 0.185156 0.051562 0.051562
0 0.217969 0.497656 0.073438 0.073438
0 0.475781 0.736719 0.032813 0.032813
0 0.112500 0.403125 0.081250 0.081250
0 0.042188 0.460938 0.056250 0.056250
0 0.268750 0.698438 0.065625 0.065625
