0 0.908594 0.924219 0.029687 0.029687
0 0.708594 0.921094 0.039062 0.039062
0 0.598437 0.053125 0.090625 0.090625
0 0.533594 0.178906 0.057813 0.057813
0 0.893750 0.282813 0.043750 0.043750
0 0.953906 0.257031 0.064062 0.064062
0 0.735938 0.762500 0.075000 0.075000
0 0.595313 0.406250 0.084375 0.084375
0 0.432812 0.364063 0.081250 0.081250
0 0.203125 0.782813 0.053125 0.053125
0 0.044531 0.435156 0.064062 0.064062
0 0.796094 0.483594 0.057813 0.057813
0 0.771875 0.690625 0.043750 0.043750
0 0.814063 0.246875 0.096875 0.096875
0 0.587500 0.967187 0.037500 0.037500
0 0.797656 0.624219 0.060937 0.060937
0 0.380469 0.836719 0.029687 0.029687
