0 0.480469 0.321094 0.042188 0.042188
0 0.639062 0.262500 0.078125 0.078125
0 0.245312 0.500000 0.031250 0.031250
0 0.676562 0.506250 0.059375 0.059375
0 0.926562 0.457813 0.090625 0.090625
0 0.598437 0.879687 0.056250 0.056250
0 0.396094 0.160156 0.067187 0.067187
0 0.201563 0.093750 0.046875 0.046875
0 0.894531 0.746094 0.070312 0.070312
0 0.771875 0.806250 0.065625 0.065625
0 0.210156 0.622656 0.060937 0.060937
0 0.808594 0.946094 0.051562 0.051562
0 0.799219 0.525781 0.073438 0.073438
0 0.433594 0.785156 0.089063 0.089063
0 0.403906 0.428906 0.079687 0.079687
0 0.172656 0.746094 0.035937 0.035937
