0 0.607812 0.131250 0.096875 0.096875
0 0.577344 0.821094 0.085938 0.085938
0 0.554688 0.923438 0.084375 0.084375
0 0.164062 0.390625 0.043750 0.043750
0 0.518750 0.356250 0.071875 0.071875
0 0.083594 0.841406 0.060937 0.060937
0 0.625781 0.963281 0.048438 0.048438
0 0.357031 0.233594 0.073438 0.073438
0 0.633594 0.625781 0.092188 0.092188
0 0.607031 0.741406 0.067187 0.067187
0 0.856250 0.728125 0.087500 0.087500
0 0.360156 0.560156 0.070312 0.070312
0 0.837500 0.542188 0.037500 0.037500
0 0.494531 0.813281 0.029687 0.029687
0 0.208594 0.628906 0.060937 0.060937
0 0.235156 0.063281 0.089063 0.089063
0 0.111719 0.421094 0.035937 0.035937
0 0.604688 0.301563 0.031250 0.031250
0 0.953125 0.478125 0.059375 0.059375
