0 0.888281 0.458594 0.085938 0.085938
0 0.226562 0.076563 0.040625 0.040625
0 0.650781 0.955469 0.042188 0.042188
0 0.905469 0.707031 0.045312 0.045312
0 0.619531 0.027344 0.035937 0.035937
0 0.431250 0.162500 0.093750 0.093750
0 0.692187 0.178125 0.043750 0.043750
0 0.712500 0.426563 0.087500 0.087500
0 0.219531 0.433594 0.082812 0.082812
0 0.926562 0.600000 0.071875 0.071875
0 0.716406 0.599219 0.098437 0.098437
0 0.748437 0.023438 0.046875 0.046875
0 0.338281 0.842969 0.051562 0.051562
0 0.124219 0.280469 0.098437 0.098437
0 0.084375 0.489063 0.040625 0.040625
