0 0.514844 0.403906 0.035937 0.035937
0 0.867188 0.257812 0.059375 0.059375
0 0.910156 0.138281 0.054688 0.054688
0 0.425000 0.592187 0.084375 0.084375
0 0.545312 0.112500 0.084375 0.084375
0 0.210938 0.025000 0.034375 0.034375
0 0.176563 0.396875 0.037500 0.037500
0 0.959375 0.404687 0.065625 0.065625
0 0.533594 0.622656 0.032813 0.032813
0 0.468750 0.685937 0.093750 0.093750
0 0.968750 0.128125 0.046875 0.046875
0 0.961719 0.786719 0.073438 0.073438
0 0.454688 0.207813 0.090625 0.090625
0 0.182812 0.548438 0.043750 0.043750
0 0.761719 0.383594 0.095312 0.095312
0 0.080469 0.921094 0.029687 0.029687
0 0.632031 0.669531 0.032813 0.032813
0 0.340625 0.114062 0.081250 0.081250
