0 0.339062 0.675000 0.062500 0.062500
0 0.542188 0.203125 0.065625 0.065625
0 0.750781 0.574219 0.070312 0.070312
0 0.961719 0.267969 0.048438 0.048438
0 0.665625 0.090625 0.068750 0.068750
0 0.389844 0.266406 0.070312 0.070312
0 0.250781 0.672656 0.057813 0.057813
0 0.473438 0.745313 0.081250 0.081250
0 0.176563 0.895312 0.034375 0.034375
0 0.558594 0.935156 0.082812 0.082812
0 0.212500 0.354687 0.081250 0.081250
0 0.769531 0.949219 0.092188 0.092188
0 0.534375 0.557813 0.075000 0.075000
0 0.701562 0.365625 0.075000 0.075000
0 0.846875 0.803125 0.087500 0.087500
0 0.425000 0.492188 0.037500 0.037500
0 0.533594 0.061719 0.085938 0.085938
0 0.053906 0.861719 0.098437 0.098437
