0 0.788281 0.613281 0.092188 0.092188
0 0.135156 0.138281 0.098437 0.098437
0 0.760938 0.714063 0.084375 0.084375
0 0.089063 0.432812 0.096875 0.096875
0 0.329688 0.612500 0.087500 0.087500
0 0.162500 0.851562 0.068750 0.068750
0 0.240625 0.448437 0.090625 0.090625
0 0.668750 0.795312 0.093750 0.093750
0 0.543750 0.221875 0.075000 0.075000
0 0.851562 0.254688 0.031250 0.031250
0 0.238281 0.219531 0.067187 0.067187
0 0.106250 0.253125 0.068750 0.068750
0 0.542969 0.074219 0.076563 0.076563
0 0.960938 0.092188 0.040625 0.040625
0 0.574219 0.847656 0.079687 0.079687
0 0.928125 0.373437 0.075000 0.075000
0 0.620313 0.520312 0.084375 0.084375
