0 0.403906 0.071094 0.082812 0.082812
0 0.692187 0.882812 0.040625 0.040625
0 0.751563 0.962500 0.071875 0.071875
0 0.198437 0.198437 0.037500 0.037500
0 0.307031 0.642969 0.073438 0.073438
0 0.939063 0.792188 0.071875 0.071875
0 0.507031 0.032031 0.035937 0.035937
0 0.834375 0.853125 0.046875 0.046875
0 0.583594 0.850781 0.070312 0.070312
0 0.075781 0.341406 0.089063 0.089063
0 0.131250 0.532813 0.053125 0.053125
0 0.883594 0.355469 0.073438 0.073438
0 0.567969 0.441406 0.070312 0.070312
0 0.675000 0.506250 0.075000 0.075000
0 0.890625 0.459375 0.062500 0.062500
