0 0.430469 0.475781 0.082812 0.082812
0 0.673438 0.914062 0.031250 0.031250
0 0.248438 0.464062 0.059375 0.059375
0 0.678906 0.452344 0.070312 0.070312
0 0.836719 0.685156 0.039062 0.039062
0 0.727344 0.303906 0.089063 0.089063
0 0.507031 0.900781 0.060937 0.060937
0 0.546094 0.253906 0.060937 0.060937
0 0.287500 0.831250 0.059375 0.059375
0 0.662500 0.584375 0.071875 0.071875
0 0.487500 0.064062 0.068750 0.068750
0 0.094531 0.160156 0.045312 0.045312
0 0.612500 0.756250 0.037500 0.037500
0 0.339844 0.908594 0.085938 0.085938
0 0.275781 0.667969 0.089063 0.089063
0 0.028125 0.812500 0.034375 0.034375
0 0.211719 0.535156 0.067187 0.067187
0 0.955469 0.077344 0.082812 0.082812
0 0.473438 0.710938 0.043750 0.043750
0 0.145313 0.684375 0.043750 0.043750
