0 0.846094 0.417969 0.039062 0.039062
0 0.851562 0.278125 0.062500 0.062500
0 0.758594 0.960156 0.064062 0.064062
0 0.118750 0.945312 0.046875 0.046875
0 0.457031 0.971094 0.032813 0.032813
0 0.233594 0.875781 0.070312 0.070312
0 0.428125 0.503125 0.081250 0.081250
0 0.604688 0.292187 0.034375 0.034375
0 0.173437 0.282813 0.075000 0.075000
0 0.647656 0.357031 0.029687 0.029687
0 0.597656 0.022656 0.029687 0.029687
0 0.258594 0.310156 0.073438 0.073438
0 0.827344 0.808594 0.060937 0.060937
0 0.267969 0.116406 0.085938 0.085938
0 0.350781 0.308594 0.051562 0.051562
0 0.045312 0.596875 0.043750 0.043750
0 0.776563 0.500000 0.087500 0.087500
0 0.451562 0.059375 0.062500 0.062500
0 0.553906 0.372656 0.042188 0.042188
0 0.854688 0.509375 0.065625 0.065625
