0 0.549219 0.605469 0.054688 0.054688
0 0.623437 0.154688 0.031250 0.031250
0 0.739844 0.778906 0.079687 0.079687
0 0.862500 0.790625 0.075000 0.075000
0 0.858594 0.521094 0.039062 0.039062
0 0.896875 0.682813 0.056250 0.056250
0 0.160938 0.643750 0.037500 0.037500
0 0.416406 0.139844 0.073438 0.073438
0 0.592969 0.930469 0.064062 0.064062
0 0.332031 0.463281 0.029687 0.029687
0 0.705469 0.378906 0.042188 0.042188
0 0.116406 0.444531 0.042188 0.042188
0 0.806250 0.537500 0.040625 0.040625
0 0.094531 0.775781 0.035937 0.035937
0 0.617188 0.348438 0.084375 0.084375
