0 0.616406 0.952344 0.048438 0.048438
0 0.737500 0.803125 0.034375 0.034375
0 0.632812 0.801562 0.034375 0.034375
0 0.242188 0.304688 0.081250 0.081250
0 0.935937 0.160938 0.087500 0.087500
0 0.142969 0.757031 0.092188 0.092188
0 0.389062 0.795312 0.043750 0.043750
0 0.253906 0.832031 0.057813 0.057813
0 0.467187 0.420312 0.043750 0.043750
0 0.376563 0.096875 0.087500 0.087500
0 0.633594 0.692969 0.070312 0.070312
0 0.941406 0.042969 0.082812 0.082812
0 0.249219 0.725781 0.057813 0.057813
0 0.098437 0.489063 0.075000 0.075000
0 0.593750 0.526563 0.031250 0.031250
0 0.717969 0.911719 0.076563 0.076563
0 0.115625 0.231250 0.087500 0.087500
0 0.543750 0.750000 0.046875 0.046875
0 0.929688 0.871875 0.062500 0.062500
