0 0.582812 0.450000 0.096875 0.096875
0 0.817969 0.535156 0.051562 0.051562
0 0.429688 0.631250 0.037500 0.037500
0 0.347656 0.199219 0.045312 0.045312
0 0.224219 0.797656 0.095312 0.095312
0 0.575781 0.291406 0.089063 0.089063
0 0.433594 0.732031 0.082812 0.082812
0 0.864062 0.862500 0.043750 0.043750
0 0.910156 0.505469 0.057813 0.057813
0 0.506250 0.321875 0.043750 0.043750
0 0.018750 0.592187 0.031250 0.031250
0 0.737500 0.671875 0.059375 0.059375
0 0.637500 0.589063 0.059375 0.059375
0 0.477344 0.235156 0.095312 0.095312
0 0.058594 0.082031 0.095312 0.095312
0 0.107031 0.172656 0.064062 0.064062
0 0.317188 0.279687 0.043750 0.043750
0 0.462500 0.123438 0.065625 0.065625
