0 0.087500 0.618750 0.046875 0.046875
0 0.585938 0.129688 0.078125 0.078125
0 0.290625 0.331250 0.046875 0.046875
0 0.163281 0.883594 0.079687 0.079687
0 0.631250 0.879687 0.084375 0.084375
0 0.056250 0.334375 0.037500 0.037500
0 0.908594 0.475781 0.042188 0.042188
0 0.897656 0.727344 0.089063 0.089063
0 0.498437 0.331250 0.059375 0.059375
0 0.191406 0.460156 0.039062 0.039062
0 0.310156 0.053906 0.060937 0.060937
0 0.070312 0.434375 0.068750 0.068750
0 0.752344 0.116406 0.064062 0.064062
0 0.019531 0.580469 0.032813 0.032813
0 0.388281 0.635156 0.067187 0.067187
0 0.348438 0.140625 0.040625 0.040625
0 0.406250 0.114062 0.043750 0.043750
0 0.042969 0.796094 0.035937 0.035937
