0 0.682813 0.871875 0.034375 0.034375
0 0.828125 0.456250 0.043750 0.043750
0 0.585156 0.616406 0.042188 0.042188
0 0.707031 0.202344 0.057813 0.057813
0 0.550781 0.752344 0.073438 0.073438
0 0.950781 0.924219 0.039062 0.039062
0 0.633594 0.339844 0.073438 0.073438
0 0.289062 0.159375 0.046875 0.046875
0 0.103125 0.331250 0.078125 0.078125
0 0.039844 0.438281 0.032813 0.032813
0 0.279687 0.317188 0.046875 0.046875
0 0.872656 0.707031 0.032813 0.032813
0 0.192969 0.549219 0.051562 0.051562
0 0.846875 0.118750 0.034375 0.034375
0 0.879687 0.451562 0.046875 0.046875
0 0.487500 0.231250 0.043750 0.043750
