0 0.049219 0.867969 0.042188 0.042188
0 0.805469 0.178906 0.035937 0.035937
0 0.034375 0.742188 0.034375 0.034375
0 0.306250 0.745313 0.031250 0.031250
0 0.934375 0.634375 0.034375 0.034375
0 0.208594 0.827344 0.079687 0.079687
0 0.114844 0.710156 0.079687 0.079687
0 0.607812 0.785937 0.034375 0.034375
0 0.460938 0.276562 0.096875 0.096875
0 0.771875 0.945312 0.081250 0.081250
0 0.261719 0.274219 0.032813 0.032813
0 0.819531 0.049219 0.089063 0.089063
0 0.899219 0.805469 0.070312 0.070312
0 0.832031 0.355469 0.029687 0.029687
0 0.056250 0.357812 0.068750 0.068750
0 0.917969 0.941406 0.076563 0.076563
0 0.950000 0.387500 0.090625 0.090625
0 0.496875 0.496875 0.087500 0.087500
