0 0.529687 0.228125 0.096875 0.096875
0 0.071875 0.184375 0.056250 0.056250
0 0.719531 0.071094 0.032813 0.032813
0 0.067969 0.058594 0.073438 0.073438
0 0.476562 0.053125 0.093750 0.093750
0 0.742969 0.736719 0.057813 0.057813
0 0.568750 0.748437 0.071875 0.071875
0 0.157812 0.407813 0.034375 0.034375
0 0.892188 0.495312 0.087500 0.087500
0 0.539062 0.468750 0.078125 0.078125
0 0.050781 0.877344 0.039062 0.039062
0 0.626563 0.346875 0.084375 0.084375
0 0.846094 0.746094 0.035937 0.035937
0 0.477344 0.577344 0.085938 0.085938
0 0.214062 0.859375 0.062500 0.062500
0 0.654687 0.615625 0.065625 0.065625
0 0.431250 0.204687 0.056250 0.056250
0 0.628906 0.924219 0.073438 0.073438
0 0.946094 0.299219 0.060937 0.060937
