0 0.101562 0.171875 0.068750 0.068750
0 0.377344 0.919531 0.076563 0.076563
0 0.146875 0.343750 0.090625 0.090625
0 0.210938 0.650000 0.084375 0.084375
0 0.655469 0.882031 0.060937 0.060937
0 0.598437 0.467187 0.031250 0.031250
0 0.869531 0.752344 0.048438 0.048438
0 0.927344 0.941406 0.070312 0.070312
0 0.508594 0.866406 0.039062 0.039062
0 0.926562 0.139063 0.059375 0.059375
0 0.475781 0.750781 0.042188 0.042188
0 0.396875 0.656250 0.043750 0.043750
0 0.557813 0.062500 0.053125 0.053125
0 0.291406 0.311719 0.060937 0.060937
0 0.440625 0.384375 0.068750 0.068750
0 0.563281 0.182031 0.045312 0.045312
0 0.852344 0.092969 0.070312 0.070312
0 0.825781 0.455469 0.042188 0.042188
0 0.292187 0.490625 0.059375 0.059375
0 0.710156 0.803906 0.076563 0.076563
