0 0.348438 0.953125 0.078125 0.078125
0 0.631250 0.368750 0.062500 0.062500
0 0.644531 0.267969 0.067187 0.067187
0 0.905469 0.596094 0.032813 0.032813
0 0.960156 0.289844 0.054688 0.054688
0 0.590625 0.959375 0.056250 0.056250
0 0.408594 0.738281 0.070312 0.070312
0 0.244531 0.128906 0.045312 0.045312
0 0.207031 0.294531 0.048438 0.048438
0 0.753906 0.136719 0.079687 0.079687
0 0.838281 0.550781 0.035937 0.035937
0 0.786719 0.505469 0.029687 0.029687
0 0.222656 0.197656 0.060937 0.060937
0 0.207031 0.349219 0.048438 0.048438
0 0.346094 0.249219 0.073438 0.073438
0 0.178125 0.614062 0.071875 0.071875
