0 0.846094 0.896094 0.035937 0.035937
0 0.204687 0.468750 0.096875 0.096875
0 0.595313 0.431250 0.081250 0.081250
0 0.350000 0.106250 0.062500 0.062500
0 0.234375 0.364063 0.040625 0.040625
0 0.181250 0.815625 0.037500 0.037500
0 0.462500 0.175000 0.043750 0.043750
0 0.235937 0.881250 0.071875 0.071875
0 0.897656 0.549219 0.085938 0.085938
0 0.375781 0.917969 0.029687 0.029687
0 0.076563 0.079687 0.090625 0.090625
0 0.543750 0.685937 0.056250 0.056250
0 0.615625 0.770312 0.040625 0.040625
0 0.769531 0.936719 0.098437 0.098437
