0 0.203906 0.069531 0.032813 0.032813
0 0.578125 0.798438 0.065625 0.065625
0 0.051562 0.773438 0.050000 0.050000
0 0.306250 0.631250 0.053125 0.053125
0 0.364063 0.396875 0.056250 0.056250
0 0.172656 0.255469 0.045312 0.045312
0 0.895312 0.931250 0.078125 0.078125
0 0.517969 0.052344 0.070312 0.070312
0 0.196094 0.582031 0.089063 0.089063
0 0.512500 0.496875 0.078125 0.078125
0 0.492969 0.374219 0.054688 0.054688
0 0.783594 0.839844 0.042188 0.042188
0 0.942187 0.065625 0.084375 0.084375
0 0.628906 0.063281 0.060937 0.060937
0 0.234375 0.910937 0.046875 0.046875
