0 0.751563 0.064062 0.093750 0.093750
0 0.857812 0.390625 0.071875 0.071875
0 0.446094 0.594531 0.042188 0.042188
0 0.100781 0.466406 0.060937 0.060937
0 0.898438 0.771875 0.096875 0.096875
0 0.342187 0.723437 0.093750 0.093750
0 0.742969 0.717969 0.067187 0.067187
0 0.428125 0.928125 0.093750 0.093750
0 0.407031 0.353906 0.082812 0.082812
0 0.842187 0.131250 0.062500 0.062500
0 0.314063 0.240625 0.084375 0.084375
0 0.221875 0.428125 0.071875 0.071875
0 0.264062 0.926562 0.065625 0.065625
0 0.568750 0.168750 0.040625 0.040625
0 0.550000 0.312500 0.068750 0.068750
0 0.667188 0.542188 0.040625 0.040625
