0 0.021094 0.200781 0.032813 0.032813
0 0.282813 0.073438 0.075000 0.075000
0 0.689844 0.602344 0.060937 0.060937
0 0.229687 0.685937 0.075000 0.075000
0 0.527344 0.567969 0.098437 0.098437
0 0.333594 0.467969 0.029687 0.029687
0 0.049219 0.946094 0.064062 0.064062
0 0.739844 0.272656 0.076563 0.076563
0 0.426563 0.943750 0.062500 0.062500
0 0.085156 0.558594 0.064062 0.064062
0 0.615625 0.426563 0.034375 0.034375
0 0.228125 0.325000 0.037500 0.037500
0 0.852344 0.632031 0.039062 0.039062
0 0.338281 0.199219 0.057813 0.057813
0 0.789062 0.118750 0.096875 0.096875
0 0.843750 0.423438 0.078125 0.078125
0 0.173437 0.184375 0.078125 0.078125
0 0.577344 0.858594 0.045312 0.045312
0 0.338281 0.713281 0.064062 0.064062
0 0.820312 0.254688 0.034375 0.034375
