0 0.116406 0.771094 0.089063 0.089063
0 0.307031 0.916406 0.032813 0.032813
0 0.843750 0.726562 0.087500 0.087500
0 0.453906 0.528906 0.073438 0.073438
0 0.478906 0.333594 0.095312 0.095312
0 0.510156 0.875781 0.048438 0.048438
0 0.907813 0.846875 0.087500 0.087500
0 0.475000 0.943750 0.053125 0.053125
0 0.879687 0.215625 0.068750 0.068750
0 0.525781 0.435156 0.073438 0.073438
0 0.335156 0.036719 0.051562 0.051562
0 0.088281 0.478906 0.051562 0.051562
0 0.703125 0.881250 0.075000 0.075000
0 0.367188 0.634375 0.056250 0.056250
0 0.870313 0.095312 0.071875 0.071875
0 0.703125 0.321875 0.040625 0.040625
0 0.763281 0.485156 0.089063 0.089063
