0 0.188281 0.858594 0.067187 0.067187
0 0.480469 0.533594 0.085938 0.085938
0 0.047656 0.439844 0.064062 0.064062
0 0.612500 0.082812 0.071875 0.071875
0 0.962500 0.226562 0.075000 0.075000
0 0.673438 0.248438 0.087500 0.087500
0 0.177344 0.452344 0.070312 0.070312
0 0.735156 0.853906 0.045312 0.045312
0 0.405469 0.416406 0.092188 0.092188
0 0.625781 0.632031 0.082812 0.082812
0 0.234375 0.562500 0.062500 0.062500
0 0.664062 0.351562 0.043750 0.043750
0 0.108594 0.671094 0.067187 0.067187
0 0.567969 0.405469 0.079687 0.079687
0 0.484375 0.759375 0.078125 0.078125
