0 0.671875 0.728125 0.062500 0.062500
0 0.133594 0.755469 0.039062 0.039062
0 0.954688 0.059375 0.037500 0.037500
0 0.949219 0.357031 0.092188 0.092188
0 0.373437 0.917188 0.050000 0.050000
0 0.475781 0.082031 0.095312 0.095312
0 0.523438 0.926562 0.050000 0.050000
0 0.137500 0.451562 0.034375 0.034375
0 0.221094 0.778906 0.057813 0.057813
0 0.489063 0.329688 0.046875 0.046875
0 0.189062 0.625000 0.053125 0.053125
0 0.790625 0.195312 0.059375 0.059375
0 0.406250 0.457813 0.053125 0.053125
0 0.722656 0.580469 0.042188 0.042188
