0 0.386719 0.630469 0.095312 0.095312
0 0.229687 0.509375 0.037500 0.037500
0 0.844531 0.153906 0.070312 0.070312
0 0.288281 0.682031 0.092188 0.092188
0 0.254688 0.360938 0.053125 0.053125
0 0.114062 0.642188 0.062500 0.062500
0 0.818750 0.878125 0.075000 0.075000
0 0.658594 0.221094 0.054688 0.054688
0 0.314844 0.047656 0.048438 0.048438
0 0.810937 0.754687 0.071875 0.071875
0 0.738281 0.811719 0.045312 0.045312
0 0.475781 0.413281 0.060937 0.060937
0 0.596875 0.090625 0.059375 0.059375
0 0.346875 0.173437 0.084375 0.084375
0 0.753125 0.654687 0.075000 0.075000
0 0.138281 0.466406 0.089063 0.089063
0 0.757812 0.371875 0.031250 0.031250
0 0.506250 0.760938 0.046875 0.046875
0 0.036719 0.569531 0.060937 0.060937
0 0.564844 0.582031 0.079687 0.079687
