0 0.857812 0.792188 0.096875 0.096875
0 0.767188 0.489063 0.093750 0.093750
0 0.771875 0.121875 0.043750 0.043750
0 0.167969 0.099219 0.089063 0.089063
0 0.541406 0.458594 0.067187 0.067187
0 0.640625 0.637500 0.093750 0.093750
0 0.562500 0.187500 0.090625 0.090625
0 0.812500 0.353125 0.062500 0.062500
0 0.355469 0.107031 0.051562 0.051562
0 0.959375 0.046875 0.043750 0.043750
0 0.932031 0.417969 0.051562 0.051562
0 0.607812 0.396875 0.059375 0.059375
0 0.171094 0.586719 0.048438 0.048438
0 0.937500 0.235937 0.050000 0.050000
