0 0.661719 0.697656 0.082812 0.082812
0 0.779687 0.556250 0.043750 0.043750
0 0.194531 0.738281 0.092188 0.092188
0 0.575000 0.607812 0.031250 0.031250
0 0.084375 0.412500 0.037500 0.037500
0 0.814844 0.663281 0.054688 0.054688
0 0.269531 0.627344 0.067187 0.067187
0 0.832031 0.728906 0.035937 0.035937
0 0.667969 0.336719 0.035937 0.035937
0 0.494531 0.519531 0.054688 0.054688
0 0.134375 0.610938 0.071875 0.071875
0 0.111719 0.230469 0.092188 0.092188
0 0.246094 0.349219 0.051562 0.051562
0 0.396094 0.866406 0.092188 0.092188
0 0.506250 0.170313 0.096875 0.096875
