0 0.832031 0.266406 0.060937 0.060937
0 0.191406 0.960156 0.045312 0.045312
0 0.929688 0.831250 0.050000 0.050000
0 0.740625 0.059375 0.043750 0.043750
0 0.238281 0.596094 0.085938 0.085938
0 0.263281 0.735156 0.051562 0.051562
0 0.452344 0.089844 0.082812 0.082812
0 0.159375 0.506250 0.075000 0.075000
0 0.608594 0.274219 0.035937 0.035937
0 0.817187 0.750000 0.034375 0.034375
0 0.055469 0.846094 0.032813 0.032813
0 0.513281 0.178906 0.048438 0.048438
0 0.810937 0.604688 0.075000 0.075000
0 0.064844 0.135156 0.039062 0.039062
