0 0.687500 0.423438 0.081250 0.081250
0 0.292187 0.275000 0.081250 0.081250
0 0.614062 0.781250 0.071875 0.071875
0 0.873437 0.848437 0.046875 0.046875
0 0.787500 0.346875 0.046875 0.046875
0 0.335156 0.758594 0.039062 0.039062
0 0.863281 0.710156 0.051562 0.051562
0 0.561719 0.214844 0.060937 0.060937
0 0.192188 0.626563 0.031250 0.031250
0 0.360156 0.424219 0.048438 0.048438
0 0.861719 0.492969 0.051562 0.051562
0 0.461719 0.097656 0.073438 0.073438
0 0.769531 0.817969 0.064062 0.064062
0 0.929688 0.546875 0.056250 0.056250
