0 0.709375 0.373437 0.084375 0.084375
0 0.666406 0.028906 0.042188 0.042188
0 0.568750 0.425000 0.059375 0.059375
0 0.921094 0.763281 0.067187 0.067187
0 0.498437 0.171875 0.053125 0.053125
0 0.938281 0.450781 0.039062 0.039062
0 0.647656 0.927344 0.042188 0.042188
0 0.078906 0.299219 0.029687 0.029687
0 0.301563 0.048438 0.046875 0.046875
0 0.513281 0.019531 0.032813 0.032813
0 0.837500 0.735938 0.087500 0.087500
0 0.760938 0.234375 0.056250 0.056250
0 0.687500 0.089063 0.075000 0.075000
0 0.651563 0.679688 0.062500 0.062500
0 0.703125 0.160938 0.050000 0.050000
0 0.750781 0.624219 0.070312 0.070312
