0 0.582812 0.035937 0.068750 0.068750
0 0.642969 0.864844 0.085938 0.085938
0 0.896094 0.964844 0.048438 0.048438
0 0.196875 0.296875 0.068750 0.068750
0 0.792188 0.193750 0.075000 0.075000
0 0.612500 0.564063 0.062500 0.062500
0 0.710156 0.638281 0.064062 0.064062
0 0.245312 0.957812 0.075000 0.075000
0 0.729688 0.523438 0.093750 0.093750
0 0.235937 0.081250 0.084375 0.084375
0 0.203906 0.016406 0.032813 0.032813
0 0.149219 0.492969 0.029687 0.029687
0 0.876563 0.143750 0.046875 0.046875
0 0.516406 0.749219 0.060937 0.060937
0 0.348438 0.431250 0.031250 0.031250
0 0.714063 0.059375 0.096875 0.096875
