0 0.059375 0.734375 0.075000 0.075000
0 0.685937 0.367188 0.087500 0.087500
0 0.214844 0.578906 0.035937 0.035937
0 0.135156 0.860156 0.079687 0.079687
0 0.045312 0.679688 0.031250 0.031250
0 0.546094 0.271094 0.042188 0.042188
0 0.288281 0.380469 0.051562 0.051562
0 0.192188 0.426563 0.056250 0.056250
0 0.692969 0.085156 0.032813 0.032813
0 0.419531 0.391406 0.089063 0.089063
0 0.217969 0.082031 0.092188 0.092188
0 0.702344 0.139844 0.042188 0.042188
0 0.521875 0.353125 0.090625 0.090625
0 0.488281 0.069531 0.073438 0.073438
0 0.553125 0.189062 0.093750 0.093750
0 0.917969 0.502344 0.051562 0.051562
0 0.482812 0.612500 0.084375 0.084375
0 0.424219 0.121094 0.035937 0.035937
