0 0.906250 0.848437 0.031250 0.031250
0 0.446094 0.511719 0.054688 0.054688
0 0.666406 0.902344 0.076563 0.076563
0 0.589844 0.085156 0.073438 0.073438
0 0.495312 0.357812 0.081250 0.081250
0 0.699219 0.574219 0.060937 0.060937
0 0.353125 0.690625 0.075000 0.075000
0 0.767969 0.814844 0.092188 0.092188
0 0.307031 0.442969 0.085938 0.085938
0 0.153906 0.582031 0.098437 0.098437
0 0.415625 0.854688 0.068750 0.068750
0 0.257031 0.680469 0.082812 0.082812
0 0.775000 0.459375 0.081250 0.081250
0 0.166406 0.191406 0.045312 0.045312
0 0.082812 0.739062 0.040625 0.040625
0 0.119531 0.333594 0.073438 0.073438
0 0.978906 0.705469 0.032813 0.032813
0 0.078125 0.118750 0.053125 0.053125
