0 0.603906 0.103906 0.085938 0.085938
0 0.447656 0.202344 0.095312 0.095312
0 0.057813 0.393750 0.059375 0.059375
0 0.561719 0.328906 0.051562 0.051562
0 0.944531 0.252344 0.067187 0.067187
0 0.857031 0.635156 0.067187 0.067187
0 0.878906 0.946094 0.092188 0.092188
0 0.283594 0.127344 0.054688 0.054688
0 0.458594 0.399219 0.070312 0.070312
0 0.380469 0.391406 0.070312 0.070312
0 0.382812 0.070312 0.084375 0.084375
0 0.821875 0.390625 0.068750 0.068750
0 0.696875 0.796875 0.087500 0.087500
0 0.532031 0.086719 0.039062 0.039062
0 0.860156 0.805469 0.039062 0.039062
