0 0.058594 0.767969 0.095312 0.095312
0 0.067969 0.494531 0.085938 0.085938
0 0.053125 0.090625 0.062500 0.062500
0 0.398438 0.834375 0.034375 0.034375
0 0.446875 0.351562 0.096875 0.096875
0 0.170313 0.325000 0.037500 0.037500
0 0.282031 0.750781 0.082812 0.082812
0 0.280469 0.677344 0.048438 0.048438
0 0.057813 0.260937 0.096875 0.096875
0 0.249219 0.353906 0.073438 0.073438
0 0.241406 0.063281 0.085938 0.085938
0 0.334375 0.195312 0.059375 0.059375
0 0.497656 0.707031 0.067187 0.067187
0 0.658594 0.058594 0.060937 0.060937
0 0.707812 0.856250 0.037500 0.037500
