0 0.674219 0.286719 0.073438 0.073438
0 0.663281 0.100781 0.048438 0.048438
0 0.277344 0.042969 0.035937 0.035937
0 0.415625 0.620313 0.087500 0.087500
0 0.728125 0.868750 0.081250 0.081250
0 0.442188 0.301563 0.093750 0.093750
0 0.844531 0.549219 0.057813 0.057813
0 0.864844 0.138281 0.045312 0.045312
0 0.922656 0.802344 0.032813 0.032813
0 0.646875 0.531250 0.053125 0.053125
0 0.734375 0.132812 0.053125 0.053125
0 0.090625 0.415625 0.081250 0.081250
0 0.857031 0.952344 0.057813 0.057813
0 0.621094 0.430469 0.070312 0.070312
0 0.763281 0.222656 0.070312 0.070312
0 0.901563 0.760938 0.031250 0.031250
0 0.157812 0.196875 0.062500 0.062500
