0 0.657031 0.272656 0.067187 0.067187
0 0.532031 0.616406 0.045312 0.045312
0 0.178125 0.457813 0.031250 0.031250
0 0.669531 0.744531 0.064062 0.064062
0 0.764844 0.586719 0.085938 0.085938
0 0.885938 0.454688 0.040625 0.040625
0 0.296875 0.279687 0.081250 0.081250
0 0.789844 0.196094 0.054688 0.054688
0 0.552344 0.908594 0.035937 0.035937
0 0.137500 0.685937 0.040625 0.040625
0 0.046094 0.730469 0.082812 0.082812
0 0.880469 0.805469 0.048438 0.048438
0 0.157031 0.049219 0.076563 0.076563
0 0.677344 0.574219 0.032813 0.032813
0 0.610156 0.524219 0.076563 0.076563
