0 0.509375 0.343750 0.040625 0.040625
0 0.435156 0.783594 0.073438 0.073438
0 0.274219 0.224219 0.067187 0.067187
0 0.199219 0.638281 0.035937 0.035937
0 0.241406 0.149219 0.067187 0.067187
0 0.185156 0.050781 0.095312 0.095312
0 0.745313 0.368750 0.084375 0.084375
0 0.198437 0.401562 0.043750 0.043750
0 0.653125 0.782813 0.062500 0.062500
0 0.915625 0.231250 0.059375 0.059375
0 0.386719 0.239844 0.082812 0.082812
0 0.286719 0.499219 0.076563 0.076563
0 0.359375 0.090625 0.068750 0.068750
0 0.394531 0.938281 0.032813 0.032813
