0 0.189062 0.815625 0.071875 0.071875
0 0.793750 0.757812 0.065625 0.065625
0 0.669531 0.152344 0.042188 0.042188
0 0.962500 0.254688 0.059375 0.059375
0 0.187500 0.404687 0.053125 0.053125
0 0.302344 0.294531 0.092188 0.092188
0 0.075000 0.164062 0.096875 0.096875
0 0.582812 0.323437 0.071875 0.071875
0 0.502344 0.053906 0.089063 0.089063
0 0.710938 0.628125 0.056250 0.056250
0 0.405469 0.158594 0.073438 0.073438
0 0.789844 0.628906 0.029687 0.029687
0 0.415625 0.314063 0.084375 0.084375
0 0.283594 0.905469 0.067187 0.067187
0 0.101562 0.876563 0.040625 0.040625
0 0.537500 0.493750 0.043750 0.043750
0 0.882031 0.860156 0.089063 0.089063
