0 0.707812 0.328125 0.031250 0.031250
0 0.438281 0.382031 0.060937 0.060937
0 0.208594 0.958594 0.045312 0.045312
0 0.198437 0.742188 0.084375 0.084375
0 0.739844 0.682031 0.029687 0.029687
0 0.751563 0.528125 0.056250 0.056250
0 0.046875 0.634375 0.040625 0.040625
0 0.082031 0.586719 0.048438 0.048438
0 0.408594 0.217969 0.060937 0.060937
0 0.534375 0.637500 0.062500 0.062500
0 0.678125 0.981250 0.034375 0.034375
0 0.277344 0.310156 0.057813 0.057813
0 0.398438 0.773438 0.096875 0.096875
0 0.863281 0.322656 0.057813 0.057813
0 0.460938 0.639062 0.071875 0.071875
0 0.685937 0.757812 0.090625 0.090625
