0 0.157031 0.844531 0.032813 0.032813
0 0.110156 0.319531 0.073438 0.073438
0 0.342187 0.898438 0.090625 0.090625
0 0.103125 0.420312 0.040625 0.040625
0 0.848437 0.420312 0.096875 0.096875
0 0.342969 0.492969 0.098437 0.098437
0 0.610938 0.707812 0.040625 0.040625
0 0.749219 0.421094 0.051562 0.051562
0 0.084375 0.715625 0.065625 0.065625
0 0.711719 0.199219 0.098437 0.098437
0 0.309375 0.337500 0.096875 0.096875
0 0.439844 0.307031 0.054688 0.054688
0 0.446094 0.789844 0.076563 0.076563
0 0.584375 0.142187 0.053125 0.053125
0 0.475000 0.700000 0.096875 0.096875
0 0.546094 0.421094 0.035937 0.035937
0 0.611719 0.788281 0.051562 0.051562
0 0.489063 0.339062 0.031250 0.031250
0 0.761719 0.952344 0.048438 0.048438
0 0.784375 0.328125 0.031250 0.031250
