0 0.071875 0.896875 0.075000 0.075000
0 0.119531 0.316406 0.039062 0.039062
0 0.511719 0.346094 0.082812 0.082812
0 0.347656 0.710156 0.057813 0.057813
0 0.441406 0.092969 0.035937 0.035937
0 0.185156 0.088281 0.067187 0.067187
0 0.920312 0.382812 0.056250 0.056250
0 0.046094 0.038281 0.076563 0.076563
0 0.940625 0.695312 0.050000 0.050000
0 0.307031 0.333594 0.079687 0.079687
0 0.813281 0.557031 0.042188 0.042188
0 0.832812 0.810937 0.096875 0.096875
0 0.753125 0.242188 0.093750 0.093750
0 0.317188 0.873437 0.031250 0.031250
0 0.896094 0.533594 0.070312 0.070312
0 0.817187 0.929688 0.040625 0.040625
