0 0.974219 0.117969 0.051562 0.051562
0 0.027344 0.044531 0.051562 0.051562
0 0.566406 0.839844 0.029687 0.029687
0 0.583594 0.685156 0.035937 0.035937
0 0.637500 0.114062 0.040625 0.040625
0 0.885938 0.081250 0.037500 0.037500
0 0.700000 0.321875 0.059375 0.059375
0 0.087500 0.078125 0.062500 0.062500
0 0.882031 0.642969 0.045312 0.045312
0 0.198437 0.021875 0.040625 0.040625
0 0.088281 0.660156 0.064062 0.064062
0 0.181250 0.098437 0.087500 0.087500
0 0.235937 0.257812 0.075000 0.075000
0 0.161719 0.475781 0.076563 0.076563
0 0.408594 0.699219 0.085938 0.085938
