0 0.819531 0.680469 0.045312 0.045312
0 0.470313 0.923438 0.040625 0.040625
0 0.203125 0.645312 0.068750 0.068750
0 0.944531 0.122656 0.057813 0.057813
0 0.189062 0.521875 0.087500 0.087500
0 0.338281 0.294531 0.082812 0.082812
0 0.691406 0.846094 0.067187 0.067187
0 0.546094 0.864844 0.029687 0.029687
0 0.307031 0.583594 0.051562 0.051562
0 0.453125 0.842187 0.087500 0.087500
0 0.623437 0.956250 0.071875 0.071875
0 0.955469 0.613281 0.073438 0.073438
0 0.095312 0.739062 0.056250 0.056250
0 0.888281 0.964844 0.060937 0.060937
0 0.622656 0.075781 0.048438 0.048438
0 0.174219 0.061719 0.057813 0.057813
0 0.517969 0.502344 0.057813 0.057813
0 0.880469 0.167969 0.057813 0.057813
