0 0.464062 0.178125 0.096875 0.096875
0 0.886719 0.438281 0.079687 0.079687
0 0.198437 0.207813 0.090625 0.090625
0 0.457031 0.442969 0.079687 0.079687
0 0.739062 0.912500 0.087500 0.087500
0 0.899219 0.822656 0.095312 0.095312
0 0.053125 0.590625 0.059375 0.059375
0 0.652344 0.474219 0.085938 0.085938
0 0.658594 0.191406 0.048438 0.048438
0 0.215625 0.446875 0.031250 0.031250
0 0.617188 0.629687 0.068750 0.068750
0 0.122656 0.853906 0.082812 0.082812
0 0.085156 0.497656 0.023438 0.023438
0 0.642969 0.910156 0.092188 0.092188
0 0.458594 0.780469 0.070312 0.070312
0 0.206250 0.087500 0.084375 0.084375
0 0.826562 0.048438 0.075000 0.075000
0 0.875000 0.568750 0.065625 0.065625
0 0.342187 0.698438 0.031250 0.031250
0 0.954688 0.315625 0.053125 0.053125
