0 0.116406 0.430469 0.048438 0.048438
0 0.469531 0.632031 0.092188 0.092188
0 0.883594 0.360156 0.057813 0.057813
0 0.921094 0.467969 0.045312 0.045312
0 0.693750 0.428125 0.050000 0.050000
0 0.168750 0.139063 0.046875 0.046875
0 0.376563 0.693750 0.071875 0.071875
0 0.247656 0.560156 0.051562 0.051562
0 0.705469 0.072656 0.082812 0.082812
0 0.153906 0.916406 0.029687 0.029687
0 0.214844 0.822656 0.057813 0.057813
0 0.236719 0.382031 0.092188 0.092188
0 0.839844 0.669531 0.082812 0.082812
0 0.383594 0.432031 0.085938 0.085938
0 0.141406 0.746094 0.054688 0.054688
0 0.863281 0.535156 0.032813 0.032813
