0 0.075781 0.789844 0.029687 0.029687
0 0.329688 0.859375 0.087500 0.087500
0 0.658594 0.450781 0.051562 0.051562
0 0.764062 0.523438 0.081250 0.081250
0 0.657031 0.810156 0.070312 0.070312
0 0.526563 0.504687 0.078125 0.078125
0 0.848437 0.218750 0.090625 0.090625
0 0.296875 0.660937 0.046875 0.046875
0 0.782031 0.353906 0.082812 0.082812
0 0.332813 0.317188 0.084375 0.084375
0 0.800781 0.650781 0.039062 0.039062
0 0.128125 0.526563 0.031250 0.031250
0 0.417969 0.060156 0.095312 0.095312
0 0.222656 0.380469 0.073438 0.073438
0 0.221875 0.906250 0.040625 0.040625
0 0.458594 0.925781 0.076563 0.076563
0 0.928125 0.729688 0.096875 0.096875
0 0.210938 0.757812 0.068750 0.068750
