0 0.748437 0.937500 0.046875 0.046875
0 0.654687 0.639062 0.040625 0.040625
0 0.716406 0.460156 0.076563 0.076563
0 0.215625 0.754687 0.087500 0.087500
0 0.479687 0.118750 0.056250 0.056250
0 0.568750 0.468750 0.093750 0.093750
0 0.278125 0.923438 0.034375 0.034375
0 0.074219 0.239844 0.042188 0.042188
0 0.112500 0.510938 0.040625 0.040625
0 0.183594 0.536719 0.035937 0.035937
0 0.842969 0.708594 0.060937 0.060937
0 0.731250 0.637500 0.056250 0.056250
0 0.542969 0.605469 0.098437 0.098437
0 0.417969 0.402344 0.098437 0.098437
0 0.321094 0.436719 0.079687 0.079687
0 0.641406 0.099219 0.092188 0.092188
