0 0.156250 0.095312 0.096875 0.096875
0 0.432812 0.475000 0.056250 0.056250
0 0.642188 0.184375 0.043750 0.043750
0 0.537500 0.826562 0.040625 0.040625
0 0.185938 0.309375 0.087500 0.087500
0 0.714063 0.764062 0.087500 0.087500
0 0.772656 0.046094 0.073438 0.073438
0 0.337500 0.360938 0.040625 0.040625
0 0.932031 0.946094 0.076563 0.076563
0 0.723437 0.173437 0.059375 0.059375
0 0.165625 0.507812 0.043750 0.043750
0 0.059375 0.131250 0.059375 0.059375
0 0.520312 0.546875 0.090625 0.090625
0 0.662500 0.053125 0.096875 0.096875
0 0.902344 0.444531 0.073438 0.073438
0 0.756250 0.276562 0.046875 0.046875
0 0.446875 0.706250 0.037500 0.037500
0 0.939844 0.225781 0.079687 0.079687
0 0.795312 0.959375 0.040625 0.040625
