0 0.175000 0.600000 0.050000 0.050000
0 0.720313 0.515625 0.087500 0.087500
0 0.963281 0.852344 0.020313 0.020313
0 0.570312 0.701562 0.034375 0.034375
0 0.460156 0.238281 0.079687 0.079687
0 0.616406 0.750781 0.045312 0.045312
0 0.596094 0.046094 0.067187 0.067187
0 0.971094 0.963281 0.042188 0.042188
0 0.299219 0.130469 0.057813 0.057813
0 0.798438 0.781250 0.037500 0.037500
0 0.972656 0.322656 0.039062 0.039062
0 0.918750 0.857812 0.046875 0.046875
0 0.144531 0.107031 0.076563 0.076563
0 0.606250 0.893750 0.096875 0.096875
0 0.928906 0.324219 0.029687 0.029687
0 0.103125 0.506250 0.043750 0.043750
0 0.435937 0.457813 0.084375 0.084375
