0 0.174219 0.742969 0.057813 0.057813
0 0.565625 0.143750 0.096875 0.096875
0 0.756250 0.100000 0.031250 0.031250
0 0.397656 0.332031 0.051562 0.051562
0 0.784375 0.779687 0.087500 0.087500
0 0.314844 0.925781 0.073438 0.073438
0 0.307812 0.514062 0.040625 0.040625
0 0.551562 0.745313 0.046875 0.046875
0 0.225000 0.295312 0.090625 0.090625
0 0.891406 0.314844 0.067187 0.067187
0 0.663281 0.605469 0.042188 0.042188
0 0.729688 0.062500 0.040625 0.040625
0 0.387500 0.845313 0.071875 0.071875
0 0.759375 0.612500 0.059375 0.059375
0 0.584375 0.632812 0.034375 0.034375
0 0.505469 0.250781 0.076563 0.076563
0 0.778906 0.916406 0.092188 0.092188
0 0.760938 0.354687 0.043750 0.043750
0 0.176563 0.514062 0.093750 0.093750
