0 0.680469 0.613281 0.032813 0.032813
0 0.264844 0.511719 0.070312 0.070312
0 0.263281 0.161719 0.029687 0.029687
0 0.633594 0.486719 0.076563 0.076563
0 0.197656 0.041406 0.057813 0.057813
0 0.396094 0.499219 0.085938 0.085938
0 0.731250 0.698438 0.062500 0.062500
0 0.495312 0.573438 0.081250 0.081250
0 0.467187 0.153125 0.034375 0.034375
0 0.843750 0.046875 0.059375 0.059375
0 0.289062 0.331250 0.056250 0.056250
0 0.436719 0.882031 0.042188 0.042188
0 0.324219 0.116406 0.073438 0.073438
0 0.650781 0.283594 0.035937 0.035937
0 0.692969 0.522656 0.035937 0.035937
