0 0.048438 0.867188 0.062500 0.062500
0 0.160938 0.515625 0.046875 0.046875
0 0.896875 0.875000 0.050000 0.050000
0 0.617188 0.237500 0.078125 0.078125
0 0.821094 0.371094 0.045312 0.045312
0 0.450781 0.136719 0.079687 0.079687
0 0.512500 0.789062 0.084375 0.084375
0 0.250000 0.535937 0.084375 0.084375
0 0.291406 0.714844 0.042188 0.042188
0 0.138281 0.213281 0.032813 0.032813
0 0.377344 0.408594 0.070312 0.070312
0 0.789844 0.032031 0.060937 0.060937
0 0.703906 0.727344 0.032813 0.032813
0 0.583594 0.317969 0.073438 0.073438
