0 0.424219 0.746094 0.032813 0.032813
0 0.610938 0.518750 0.068750 0.068750
0 0.447656 0.360156 0.095312 0.095312
0 0.603906 0.600781 0.070312 0.070312
0 0.083594 0.982031 0.035937 0.035937
0 0.437500 0.089063 0.084375 0.084375
0 0.978906 0.521094 0.035937 0.035937
0 0.144531 0.713281 0.085938 0.085938
0 0.304688 0.937500 0.040625 0.040625
0 0.721094 0.867969 0.067187 0.067187
0 0.860156 0.550781 0.064062 0.064062
0 0.932031 0.132031 0.095312 0.095312
0 0.094531 0.621094 0.064062 0.064062
0 0.524219 0.619531 0.051562 0.051562
0 0.238281 0.921094 0.064062 0.064062
0 0.530469 0.197656 0.098437 0.098437
