0 0.432812 0.448437 0.037500 0.037500
0 0.474219 0.427344 0.029687 0.029687
0 0.462500 0.343750 0.046875 0.046875
0 0.471094 0.889844 0.067187 0.067187
0 0.492188 0.065625 0.096875 0.096875
0 0.132812 0.828125 0.096875 0.096875
0 0.359375 0.473438 0.046875 0.046875
0 0.317969 0.066406 0.032813 0.032813
0 0.848437 0.560937 0.037500 0.037500
0 0.757031 0.800781 0.064062 0.064062
0 0.582812 0.621875 0.040625 0.040625
0 0.348438 0.873437 0.056250 0.056250
0 0.032813 0.382812 0.037500 0.037500
0 0.390625 0.662500 0.056250 0.056250
0 0.951562 0.193750 0.090625 0.090625
