0 0.831250 0.120313 0.040625 0.040625
0 0.363281 0.594531 0.095312 0.095312
0 0.467187 0.589063 0.071875 0.071875
0 0.284375 0.071875 0.071875 0.071875
0 0.932813 0.589063 0.078125 0.078125
0 0.033594 0.911719 0.048438 0.048438
0 0.422656 0.083594 0.051562 0.051562
0 0.240625 0.776563 0.096875 0.096875
0 0.465625 0.456250 0.068750 0.068750
0 0.211719 0.303906 0.089063 0.089063
0 0.982031 0.766406 0.032813 0.032813
0 0.147656 0.833594 0.035937 0.035937
0 0.922656 0.457031 0.085938 0.085938
0 0.583594 0.908594 0.042188 0.042188
0 0.779687 0.060937 0.056250 0.056250
0 0.900781 0.364844 0.029687 0.029687
0 0.119531 0.163281 0.085938 0.085938
