0 0.389062 0.265625 0.040625 0.040625
0 0.152344 0.424219 0.035937 0.035937
0 0.182031 0.736719 0.042188 0.042188
0 0.254688 0.620313 0.096875 0.096875
0 0.538281 0.103906 0.042188 0.042188
0 0.025000 0.332813 0.034375 0.034375
0 0.188281 0.335156 0.079687 0.079687
0 0.797656 0.852344 0.064062 0.064062
0 0.073438 0.185938 0.034375 0.034375
0 0.562500 0.370312 0.081250 0.081250
0 0.528906 0.613281 0.039062 0.039062
0 0.520312 0.514062 0.075000 0.075000
0 0.729688 0.792188 0.037500 0.037500
0 0.399219 0.871094 0.032813 0.032813
0 0.875000 0.410938 0.075000 0.075000
0 0.414844 0.824219 0.045312 0.045312
0 0.539062 0.028125 0.043750 0.043750
0 0.607031 0.925781 0.070312 0.070312
0 0.702344 0.049219 0.082812 0.082812
