0 0.528125 0.601562 0.043750 0.043750
0 0.670312 0.454688 0.037500 0.037500
0 0.886719 0.539844 0.054688 0.054688
0 0.244531 0.707031 0.032813 0.032813
0 0.956250 0.409375 0.056250 0.056250
0 0.481250 0.801562 0.081250 0.081250
0 0.621875 0.626563 0.068750 0.068750
0 0.725781 0.224219 0.067187 0.067187
0 0.043750 0.854688 0.068750 0.068750
0 0.300781 0.027344 0.039062 0.039062
0 0.742188 0.934375 0.037500 0.037500
0 0.406250 0.256250 0.056250 0.056250
0 0.255469 0.294531 0.048438 0.048438
0 0.304688 0.131250 0.031250 0.031250
0 0.663281 0.869531 0.073438 0.073438
0 0.044531 0.372656 0.054688 0.054688
0 0.556250 0.295312 0.071875 0.071875
0 0.517188 0.732812 0.040625 0.040625
