0 0.696875 0.384375 0.084375 0.084375
0 0.060156 0.436719 0.079687 0.079687
0 0.775000 0.906250 0.056250 0.056250
0 0.554688 0.467187 0.075000 0.075000
0 0.714844 0.680469 0.095312 0.095312
0 0.908594 0.467969 0.089063 0.089063
0 0.480469 0.489844 0.070312 0.070312
0 0.481250 0.853125 0.090625 0.090625
0 0.022656 0.616406 0.029687 0.029687
0 0.313281 0.224219 0.039062 0.039062
0 0.778125 0.776563 0.043750 0.043750
0 0.621094 0.150781 0.064062 0.064062
0 0.511719 0.075781 0.051562 0.051562
0 0.394531 0.314844 0.073438 0.073438
0 0.459375 0.710938 0.043750 0.043750
