0 0.425000 0.300000 0.056250 0.056250
0 0.933594 0.196094 0.070312 0.070312
0 0.511719 0.699219 0.082812 0.082812
0 0.667969 0.738281 0.079687 0.079687
0 0.744531 0.763281 0.042188 0.042188
0 0.121094 0.644531 0.054688 0.054688
0 0.956250 0.921875 0.053125 0.053125
0 0.071875 0.060937 0.050000 0.050000
0 0.214062 0.567187 0.037500 0.037500
0 0.128125 0.756250 0.078125 0.078125
0 0.080469 0.310156 0.042188 0.042188
0 0.325781 0.246094 0.045312 0.045312
0 0.239844 0.064844 0.048438 0.048438
0 0.675781 0.439844 0.039062 0.039062
0 0.456250 0.487500 0.093750 0.093750
0 0.195312 0.451562 0.062500 0.062500
0 0.328125 0.818750 0.037500 0.037500
0 0.877344 0.108594 0.035937 0.035937
