0 0.663281 0.610156 0.089063 0.089063
0 0.306250 0.851562 0.087500 0.087500
0 0.352344 0.732031 0.079687 0.079687
0 0.702344 0.808594 0.035937 0.035937
0 0.355469 0.216406 0.095312 0.095312
0 0.880469 0.597656 0.054688 0.054688
0 0.097656 0.222656 0.045312 0.045312
0 0.965625 0.304688 0.065625 0.065625
0 0.355469 0.025781 0.045312 0.045312
0 0.501563 0.615625 0.071875 0.071875
0 0.825000 0.403125 0.056250 0.056250
0 0.654687 0.168750 0.034375 0.034375
0 0.548438 0.864062 0.046875 0.046875
0 0.491406 0.086719 0.048438 0.048438
0 0.509375 0.193750 0.037500 0.037500
0 0.828125 0.901563 0.056250 0.056250
0 0.794531 0.242969 0.092188 0.092188
0 0.071875 0.887500 0.056250 0.056250
0 0.150781 0.489844 0.064062 0.064062
0 0.247656 0.092969 0.039062 0.039062
