0 0.241406 0.688281 0.092188 0.092188
0 0.445312 0.839063 0.096875 0.096875
0 0.963281 0.552344 0.042188 0.042188
0 0.589844 0.092969 0.089063 0.089063
0 0.721094 0.361719 0.070312 0.070312
0 0.282031 0.772656 0.070312 0.070312
0 0.126562 0.876563 0.071875 0.071875
0 0.575781 0.932031 0.095312 0.095312
0 0.334375 0.212500 0.037500 0.037500
0 0.125000 0.510938 0.053125 0.053125
0 0.623437 0.320312 0.043750 0.043750
0 0.316406 0.367969 0.092188 0.092188
0 0.675000 0.728125 0.096875 0.096875
0 0.578906 0.207031 0.042188 0.042188
0 0.497656 0.628906 0.067187 0.067187
0 0.046875 0.460938 0.075000 0.075000
0 0.900000 0.825000 0.050000 0.050000
0 0.368750 0.792188 0.046875 0.046875
