0 0.851562 0.643750 0.034375 0.034375
0 0.545312 0.289062 0.096875 0.096875
0 0.146094 0.658594 0.082812 0.082812
0 0.828906 0.716406 0.032813 0.032813
0 0.182812 0.351562 0.078125 0.078125
0 0.429688 0.809375 0.090625 0.090625
0 0.825781 0.913281 0.032813 0.032813
0 0.432812 0.721875 0.040625 0.040625
0 0.147656 0.964844 0.035937 0.035937
0 0.050000 0.584375 0.046875 0.046875
0 0.296875 0.631250 0.046875 0.046875
0 0.135937 0.223438 0.090625 0.090625
0 0.472656 0.478906 0.073438 0.073438
0 0.854688 0.442188 0.059375 0.059375
0 0.678125 0.068750 0.062500 0.062500
0 0.550000 0.731250 0.034375 0.034375
0 0.784375 0.328125 0.040625 0.040625
0 0.546094 0.447656 0.045312 0.045312
