0 0.338281 0.428906 0.098437 0.098437
0 0.584375 0.750000 0.053125 0.053125
0 0.774219 0.557031 0.098437 0.098437
0 0.579688 0.201563 0.096875 0.096875
0 0.450000 0.598437 0.071875 0.071875
0 0.499219 0.788281 0.048438 0.048438
0 0.291406 0.594531 0.042188 0.042188
0 0.696875 0.664062 0.046875 0.046875
0 0.865625 0.484375 0.056250 0.056250
0 0.602344 0.097656 0.085938 0.085938
0 0.567187 0.465625 0.071875 0.071875
0 0.417187 0.132812 0.081250 0.081250
0 0.647656 0.464844 0.076563 0.076563
0 0.184375 0.807813 0.037500 0.037500
0 0.934375 0.270313 0.071875 0.071875
0 0.644531 0.703906 0.035937 0.035937
