0 0.457031 0.100781 0.092188 0.092188
0 0.767188 0.075000 0.050000 0.050000
0 0.430469 0.477344 0.076563 0.076563
0 0.539844 0.202344 0.070312 0.070312
0 0.835938 0.392188 0.056250 0.056250
0 0.666406 0.761719 0.092188 0.092188
0 0.628906 0.182031 0.073438 0.073438
0 0.347656 0.878906 0.067187 0.067187
0 0.031250 0.198437 0.046875 0.046875
0 0.961719 0.280469 0.035937 0.035937
0 0.627344 0.497656 0.095312 0.095312
0 0.732812 0.409375 0.081250 0.081250
0 0.963281 0.135156 0.060937 0.060937
0 0.759375 0.560937 0.081250 0.081250
0 0.364844 0.064844 0.079687 0.079687
0 0.771875 0.906250 0.075000 0.075000
