0 0.135156 0.902344 0.079687 0.079687
0 0.410938 0.901563 0.096875 0.096875
0 0.539844 0.102344 0.045312 0.045312
0 0.086719 0.372656 0.095312 0.095312
0 0.892969 0.832031 0.032813 0.032813
0 0.405469 0.482031 0.082812 0.082812
0 0.917969 0.758594 0.029687 0.029687
0 0.539844 0.328906 0.060937 0.060937
0 0.320312 0.571875 0.071875 0.071875
0 0.842187 0.873437 0.040625 0.040625
0 0.464844 0.100781 0.039062 0.039062
0 0.496094 0.794531 0.048438 0.048438
0 0.232031 0.211719 0.070312 0.070312
0 0.724219 0.952344 0.060937 0.060937
0 0.170313 0.526563 0.043750 0.043750
0 0.649219 0.450781 0.048438 0.048438
0 0.635156 0.244531 0.057813 0.057813
0 0.191406 0.680469 0.064062 0.064062
