0 0.482031 0.872656 0.079687 0.079687
0 0.563281 0.303906 0.029687 0.029687
0 0.319531 0.042969 0.073438 0.073438
0 0.532031 0.621094 0.057813 0.057813
0 0.369531 0.916406 0.035937 0.035937
0 0.500781 0.533594 0.051562 0.051562
0 0.484375 0.368750 0.046875 0.046875
0 0.285938 0.564063 0.078125 0.078125
0 0.853125 0.610938 0.090625 0.090625
0 0.573438 0.207813 0.084375 0.084375
0 0.683594 0.786719 0.082812 0.082812
0 0.912500 0.946875 0.075000 0.075000
0 0.350000 0.164062 0.075000 0.075000
0 0.723437 0.687500 0.062500 0.062500
0 0.102344 0.905469 0.057813 0.057813
0 0.132812 0.207813 0.056250 0.056250
0 0.070312 0.318750 0.090625 0.090625
