0 0.085156 0.180469 0.032813 0.032813
0 0.662500 0.582812 0.062500 0.062500
0 0.568750 0.246875 0.043750 0.043750
0 0.277344 0.757031 0.073438 0.073438
0 0.767969 0.233594 0.029687 0.029687
0 0.391406 0.675781 0.032813 0.032813
0 0.234375 0.529687 0.090625 0.090625
0 0.167969 0.400781 0.095312 0.095312
0 0.687500 0.320312 0.053125 0.053125
0 0.314844 0.944531 0.098437 0.098437
0 0.656250 0.517188 0.050000 0.050000
0 0.536719 0.363281 0.095312 0.095312
0 0.953125 0.118750 0.053125 0.053125
0 0.646875 0.231250 0.068750 0.068750
0 0.368750 0.787500 0.062500 0.062500
0 0.872656 0.225781 0.054688 0.054688
