0 0.093750 0.451562 0.062500 0.062500
0 0.690625 0.225000 0.040625 0.040625
0 0.561719 0.116406 0.095312 0.095312
0 0.047656 0.552344 0.057813 0.057813
0 0.667969 0.119531 0.095312 0.095312
0 0.975000 0.959375 0.034375 0.034375
0 0.680469 0.727344 0.035937 0.035937
0 0.800000 0.278125 0.043750 0.043750
0 0.197656 0.782031 0.035937 0.035937
0 0.935156 0.241406 0.035937 0.035937
0 0.186719 0.828906 0.029687 0.029687
0 0.443750 0.418750 0.056250 0.056250
0 0.630469 0.496094 0.060937 0.060937
0 0.837500 0.782813 0.090625 0.090625
0 0.632812 0.873437 0.037500 0.037500
0 0.243750 0.048438 0.081250 0.081250
