0 0.675000 0.046875 0.084375 0.084375
0 0.362500 0.209375 0.050000 0.050000
0 0.369531 0.644531 0.095312 0.095312
0 0.692969 0.574219 0.070312 0.070312
0 0.577344 0.272656 0.092188 0.092188
0 0.514062 0.103125 0.078125 0.078125
0 0.688281 0.813281 0.045312 0.045312
0 0.046094 0.936719 0.070312 0.070312
0 0.596094 0.916406 0.079687 0.079687
0 0.478906 0.646094 0.064062 0.064062
0 0.757031 0.502344 0.035937 0.035937
0 0.100781 0.682031 0.032813 0.032813
0 0.836719 0.108594 0.057813 0.057813
0 0.380469 0.508594 0.035937 0.035937
