0 0.351562 0.145313 0.040625 0.040625
0 0.201563 0.868750 0.081250 0.081250
0 0.234375 0.728125 0.059375 0.059375
0 0.036719 0.055469 0.051562 0.051562
0 0.643750 0.846875 0.075000 0.075000
0 0.246875 0.357812 0.081250 0.081250
0 0.521094 0.577344 0.051562 0.051562
0 0.253125 0.598437 0.081250 0.081250
0 0.722656 0.949219 0.095312 0.095312
0 0.669531 0.774219 0.032813 0.032813
0 0.966406 0.338281 0.054688 0.054688
0 0.026562 0.607812 0.050000 0.050000
0 0.817187 0.425000 0.043750 0.043750
0 0.500781 0.285156 0.045312 0.045312
0 0.167187 0.937500 0.043750 0.043750
