0 0.336719 0.324219 0.057813 0.057813
0 0.642969 0.063281 0.064062 0.064062
0 0.351562 0.871875 0.037500 0.037500
0 0.743750 0.270313 0.096875 0.096875
0 0.275781 0.402344 0.092188 0.092188
0 0.822656 0.410156 0.076563 0.076563
0 0.609375 0.503125 0.059375 0.059375
0 0.765625 0.790625 0.053125 0.053125
0 0.048438 0.201563 0.078125 0.078125
0 0.445312 0.084375 0.043750 0.043750
0 0.128906 0.569531 0.082812 0.082812
0 0.941406 0.121094 0.051562 0.051562
0 0.435156 0.680469 0.060937 0.060937
0 0.098437 0.673438 0.043750 0.043750
0 0.802344 0.533594 0.085938 0.085938
0 0.210156 0.242969 0.051562 0.051562
0 0.049219 0.505469 0.057813 0.057813
0 0.109375 0.834375 0.090625 0.090625
0 0.292187 0.237500 0.090625 0.090625
