0 0.596875 0.525000 0.059375 0.059375
0 0.664062 0.121875 0.056250 0.056250
0 0.650781 0.764844 0.039062 0.039062
0 0.653125 0.887500 0.034375 0.034375
0 0.704688 0.628125 0.068750 0.068750
0 0.482812 0.831250 0.053125 0.053125
0 0.432031 0.203906 0.054688 0.054688
0 0.492188 0.321875 0.059375 0.059375
0 0.046875 0.712500 0.090625 0.090625
0 0.046094 0.941406 0.051562 0.051562
0 0.094531 0.300781 0.035937 0.035937
0 0.106250 0.157812 0.043750 0.043750
0 0.320312 0.879687 0.084375 0.084375
0 0.194531 0.528906 0.076563 0.076563
0 0.136719 0.958594 0.067187 0.067187
0 0.537500 0.150000 0.078125 0.078125
0 0.311719 0.366406 0.029687 0.029687
0 0.795312 0.545312 0.068750 0.068750
0 0.813281 0.377344 0.095312 0.095312
