0 0.761719 0.747656 0.076563 0.076563
0 0.908594 0.772656 0.057813 0.057813
0 0.404687 0.267188 0.046875 0.046875
0 0.732031 0.933594 0.051562 0.051562
0 0.052344 0.786719 0.073438 0.073438
0 0.412500 0.071875 0.093750 0.093750
0 0.548438 0.478125 0.062500 0.062500
0 0.869531 0.408594 0.029687 0.029687
0 0.317969 0.755469 0.054688 0.054688
0 0.246875 0.200000 0.075000 0.075000
0 0.817187 0.879687 0.068750 0.068750
0 0.851562 0.170313 0.059375 0.059375
0 0.483594 0.647656 0.092188 0.092188
0 0.771875 0.132812 0.059375 0.059375
0 0.455469 0.527344 0.051562 0.051562
0 0.530469 0.274219 0.060937 0.060937
0 0.347656 0.461719 0.048438 0.048438
