0 0.185156 0.914844 0.070312 0.070312
0 0.053125 0.728125 0.046875 0.046875
0 0.637500 0.315625 0.075000 0.075000
0 0.438281 0.917969 0.054688 0.054688
0 0.473438 0.573438 0.084375 0.084375
0 0.121875 0.121875 0.075000 0.075000
0 0.679688 0.640625 0.068750 0.068750
0 0.089063 0.367188 0.084375 0.084375
0 0.755469 0.214844 0.079687 0.079687
0 0.744531 0.491406 0.064062 0.064062
0 0.086719 0.617969 0.035937 0.035937
0 0.646094 0.924219 0.045312 0.045312
0 0.914062 0.714063 0.081250 0.081250
0 0.626563 0.046875 0.062500 0.062500
