0 0.878125 0.425000 0.090625 0.090625
0 0.723437 0.707812 0.090625 0.090625
0 0.171875 0.607812 0.075000 0.075000
0 0.690625 0.912500 0.050000 0.050000
0 0.638281 0.710156 0.073438 0.073438
0 0.432031 0.664844 0.032813 0.032813
0 0.517969 0.414844 0.073438 0.073438
0 0.357812 0.951562 0.043750 0.043750
0 0.567969 0.608594 0.054688 0.054688
0 0.182812 0.156250 0.056250 0.056250
0 0.745313 0.906250 0.043750 0.043750
0 0.179688 0.896875 0.065625 0.065625
0 0.514844 0.488281 0.054688 0.054688
0 0.281250 0.281250 0.037500 0.037500
0 0.265625 0.790625 0.059375 0.059375
0 0.560937 0.807813 0.096875 0.096875
0 0.673438 0.087500 0.050000 0.050000
0 0.396094 0.871094 0.098437 0.098437
0 0.025000 0.206250 0.037500 0.037500
0 0.926562 0.976562 0.034375 0.034375
