0 0.110156 0.296094 0.045312 0.045312
0 0.496875 0.196875 0.087500 0.087500
0 0.393750 0.532813 0.093750 0.093750
0 0.664062 0.900000 0.078125 0.078125
0 0.687500 0.818750 0.081250 0.081250
0 0.428125 0.789062 0.037500 0.037500
0 0.383594 0.375781 0.079687 0.079687
0 0.885156 0.722656 0.064062 0.064062
0 0.737500 0.389062 0.056250 0.056250
0 0.864062 0.603125 0.053125 0.053125
0 0.619531 0.127344 0.051562 0.051562
0 0.321094 0.832031 0.042188 0.042188
0 0.675000 0.500000 0.050000 0.050000
0 0.252344 0.347656 0.029687 0.029687
