0 0.407031 0.922656 0.051562 0.051562
0 0.822656 0.564844 0.060937 0.060937
0 0.290625 0.504687 0.031250 0.031250
0 0.569531 0.703906 0.085938 0.085938
0 0.644531 0.808594 0.048438 0.048438
0 0.914844 0.539844 0.067187 0.067187
0 0.486719 0.944531 0.082812 0.082812
0 0.837500 0.428125 0.068750 0.068750
0 0.391406 0.107031 0.057813 0.057813
0 0.673438 0.265625 0.084375 0.084375
0 0.322656 0.360156 0.045312 0.045312
0 0.887500 0.696875 0.062500 0.062500
0 0.171094 0.713281 0.067187 0.067187
0 0.794531 0.769531 0.039062 0.039062
0 0.186719 0.464844 0.051562 0.051562
0 0.443750 0.551562 0.031250 0.031250
0 0.637500 0.865625 0.050000 0.050000
