0 0.800781 0.069531 0.057813 0.057813
0 0.598437 0.357812 0.075000 0.075000
0 0.490625 0.350000 0.081250 0.081250
0 0.663281 0.180469 0.048438 0.048438
0 0.791406 0.685156 0.051562 0.051562
0 0.218750 0.201563 0.068750 0.068750
0 0.256250 0.953125 0.065625 0.065625
0 0.382031 0.858594 0.054688 0.054688
0 0.850781 0.603906 0.076563 0.076563
0 0.306250 0.353125 0.050000 0.050000
0 0.750781 0.855469 0.060937 0.060937
0 0.171094 0.563281 0.079687 0.079687
0 0.043750 0.332813 0.034375 0.034375
0 0.832031 0.416406 0.054688 0.054688
0 0.042969 0.044531 0.039062 0.039062
0 0.485938 0.648438 0.090625 0.090625
