0 0.857812 0.734375 0.046875 0.046875
0 0.766406 0.616406 0.042188 0.042188
0 0.250781 0.860156 0.042188 0.042188
0 0.779687 0.129688 0.087500 0.087500
0 0.932813 0.632812 0.062500 0.062500
0 0.271094 0.955469 0.073438 0.073438
0 0.310156 0.613281 0.079687 0.079687
0 0.514844 0.778906 0.085938 0.085938
0 0.446094 0.641406 0.060937 0.060937
0 0.569531 0.099219 0.035937 0.035937
0 0.359375 0.898438 0.037500 0.037500
0 0.898438 0.468750 0.075000 0.075000
0 0.890625 0.409375 0.034375 0.034375
0 0.203125 0.250000 0.081250 0.081250
