0 0.353906 0.363281 0.082812 0.082812
0 0.621094 0.897656 0.057813 0.057813
0 0.895312 0.942187 0.081250 0.081250
0 0.142969 0.466406 0.060937 0.060937
0 0.277344 0.732031 0.057813 0.057813
0 0.407813 0.773438 0.065625 0.065625
0 0.157812 0.606250 0.059375 0.059375
0 0.899219 0.247656 0.060937 0.060937
0 0.714844 0.516406 0.064062 0.064062
0 0.540625 0.054688 0.081250 0.081250
0 0.650781 0.821094 0.039062 0.039062
0 0.856250 0.165625 0.093750 0.093750
0 0.577344 0.157031 0.029687 0.029687
0 0.213281 0.099219 0.067187 0.067187
0 0.789062 0.325000 0.071875 0.071875
0 0.712500 0.418750 0.087500 0.087500
