0 0.896094 0.099219 0.082812 0.082812
0 0.063281 0.816406 0.051562 0.051562
0 0.821094 0.314844 0.082812 0.082812
0 0.291406 0.694531 0.070312 0.070312
0 0.048438 0.467187 0.096875 0.096875
0 0.422656 0.239844 0.051562 0.051562
0 0.982031 0.119531 0.035937 0.035937
0 0.677344 0.141406 0.048438 0.048438
0 0.762500 0.195312 0.078125 0.078125
0 0.093750 0.687500 0.078125 0.078125
0 0.691406 0.872656 0.073438 0.073438
0 0.823438 0.850000 0.075000 0.075000
0 0.108594 0.146094 0.079687 0.079687
0 0.310156 0.830469 0.089063 0.089063
