0 0.225000 0.789062 0.096875 0.096875
0 0.930469 0.272656 0.039062 0.039062
0 0.113281 0.932031 0.045312 0.045312
0 0.314063 0.293750 0.062500 0.062500
0 0.735938 0.676562 0.068750 0.068750
0 0.217969 0.628906 0.042188 0.042188
0 0.827344 0.849219 0.089063 0.089063
0 0.190625 0.410938 0.065625 0.065625
0 0.760156 0.080469 0.079687 0.079687
0 0.566406 0.836719 0.098437 0.098437
0 0.073438 0.135937 0.071875 0.071875
0 0.914062 0.726562 0.096875 0.096875
0 0.846094 0.132031 0.076563 0.076563
0 0.389062 0.409375 0.034375 0.034375
0 0.611719 0.725781 0.054688 0.054688
0 0.037500 0.364063 0.031250 0.031250
