0 0.820312 0.865625 0.090625 0.090625
0 0.041406 0.686719 0.042188 0.042188
0 0.859375 0.490625 0.068750 0.068750
0 0.071094 0.082031 0.067187 0.067187
0 0.428125 0.559375 0.034375 0.034375
0 0.493750 0.353125 0.084375 0.084375
0 0.364063 0.303125 0.034375 0.034375
0 0.638281 0.396094 0.076563 0.076563
0 0.677344 0.507031 0.098437 0.098437
0 0.164844 0.969531 0.057813 0.057813
0 0.325000 0.610938 0.093750 0.093750
0 0.048438 0.268750 0.096875 0.096875
0 0.353125 0.698438 0.062500 0.062500
0 0.416406 0.816406 0.060937 0.060937
0 0.049219 0.427344 0.089063 0.089063
0 0.777344 0.755469 0.029687 0.029687
0 0.505469 0.850781 0.048438 0.048438
0 0.525000 0.431250 0.040625 0.040625
