0 0.671094 0.594531 0.082812 0.082812
0 0.516406 0.688281 0.060937 0.060937
0 0.511719 0.460156 0.085938 0.085938
0 0.496094 0.171094 0.032813 0.032813
0 0.829688 0.942187 0.096875 0.096875
0 0.844531 0.361719 0.070312 0.070312
0 0.738281 0.227344 0.057813 0.057813
0 0.354687 0.267188 0.071875 0.071875
0 0.108594 0.844531 0.042188 0.042188
0 0.039844 0.602344 0.042188 0.042188
0 0.663281 0.941406 0.045312 0.045312
0 0.073438 0.385937 0.071875 0.071875
0 0.256250 0.881250 0.081250 0.081250
0 0.061719 0.175781 0.051562 0.051562
0 0.457813 0.887500 0.087500 0.087500
