0 0.636719 0.274219 0.067187 0.067187
0 0.678125 0.832812 0.043750 0.043750
0 0.462500 0.350000 0.053125 0.053125
0 0.252344 0.072656 0.089063 0.089063
0 0.813281 0.333594 0.054688 0.054688
0 0.920312 0.150000 0.071875 0.071875
0 0.384375 0.692187 0.065625 0.065625
0 0.192969 0.717969 0.070312 0.070312
0 0.680469 0.078906 0.089063 0.089063
0 0.227344 0.596094 0.079687 0.079687
0 0.908594 0.942969 0.057813 0.057813
0 0.789062 0.664062 0.031250 0.031250
0 0.700781 0.933594 0.073438 0.073438
0 0.061719 0.978906 0.035937 0.035937
0 0.094531 0.597656 0.092188 0.092188
0 0.792188 0.195312 0.084375 0.084375
0 0.520312 0.746875 0.037500 0.037500
0 0.393750 0.223438 0.090625 0.090625
