0 0.400000 0.206250 0.062500 0.062500
0 0.389062 0.479687 0.037500 0.037500
0 0.484375 0.039062 0.075000 0.075000
0 0.457813 0.907813 0.090625 0.090625
0 0.826562 0.285938 0.078125 0.078125
0 0.850781 0.375781 0.092188 0.092188
0 0.057031 0.307031 0.092188 0.092188
0 0.203906 0.288281 0.064062 0.064062
0 0.257812 0.465625 0.093750 0.093750
0 0.298438 0.137500 0.040625 0.040625
0 0.628125 0.898438 0.065625 0.065625
0 0.563281 0.036719 0.039062 0.039062
0 0.133594 0.175781 0.039062 0.039062
0 0.513281 0.430469 0.029687 0.029687
0 0.647656 0.711719 0.070312 0.070312
0 0.746875 0.635938 0.062500 0.062500
0 0.807031 0.789844 0.076563 0.076563
0 0.893750 0.889062 0.075000 0.075000
0 0.949219 0.803906 0.060937 0.060937
