0 0.128125 0.046875 0.050000 0.050000
0 0.832031 0.807031 0.082812 0.082812
0 0.970313 0.421875 0.040625 0.040625
0 0.606250 0.409375 0.037500 0.037500
0 0.810156 0.303906 0.076563 0.076563
0 0.516406 0.361719 0.048438 0.048438
0 0.181250 0.487500 0.068750 0.068750
0 0.264844 0.217969 0.060937 0.060937
0 0.290625 0.854688 0.087500 0.087500
0 0.229687 0.140625 0.068750 0.068750
0 0.750781 0.910156 0.089063 0.089063
0 0.075781 0.902344 0.042188 0.042188
0 0.275781 0.700781 0.035937 0.035937
0 0.778906 0.153906 0.039062 0.039062
0 0.962500 0.598437 0.062500 0.062500
0 0.580469 0.796094 0.095312 0.095312
