0 0.645312 0.714063 0.084375 0.084375
0 0.366406 0.613281 0.064062 0.064062
0 0.308594 0.483594 0.051562 0.051562
0 0.910937 0.895312 0.037500 0.037500
0 0.059375 0.179688 0.087500 0.087500
0 0.759375 0.495312 0.034375 0.034375
0 0.672656 0.814844 0.064062 0.064062
0 0.977344 0.097656 0.029687 0.029687
0 0.241406 0.225781 0.092188 0.092188
0 0.563281 0.527344 0.073438 0.073438
0 0.244531 0.413281 0.054688 0.054688
0 0.782031 0.325781 0.032813 0.032813
0 0.746875 0.125000 0.090625 0.090625
0 0.827344 0.567969 0.042188 0.042188
0 0.608594 0.180469 0.095312 0.095312
