0 0.362500 0.312500 0.059375 0.059375
0 0.787500 0.706250 0.040625 0.040625
0 0.213281 0.614844 0.035937 0.035937
0 0.672656 0.527344 0.082812 0.082812
0 0.671875 0.907813 0.031250 0.031250
0 0.047656 0.319531 0.054688 0.054688
0 0.058594 0.967969 0.039062 0.039062
0 0.118750 0.795312 0.059375 0.059375
0 0.364063 0.378125 0.031250 0.031250
0 0.802344 0.083594 0.085938 0.085938
0 0.149219 0.578906 0.089063 0.089063
0 0.627344 0.333594 0.051562 0.051562
0 0.739844 0.863281 0.039062 0.039062
0 0.525781 0.777344 0.051562 0.051562
0 0.049219 0.874219 0.067187 0.067187
0 0.235937 0.748437 0.046875 0.046875
0 0.263281 0.278906 0.064062 0.064062
0 0.207813 0.414062 0.059375 0.059375
