0 0.659375 0.314063 0.071875 0.071875
0 0.392969 0.627344 0.032813 0.032813
0 0.859375 0.759375 0.096875 0.096875
0 0.646094 0.155469 0.067187 0.067187
0 0.246094 0.571094 0.082812 0.082812
0 0.523438 0.287500 0.081250 0.081250
0 0.832031 0.869531 0.082812 0.082812
0 0.798438 0.454688 0.031250 0.031250
0 0.169531 0.196094 0.098437 0.098437
0 0.304688 0.403125 0.084375 0.084375
0 0.330469 0.589844 0.042188 0.042188
0 0.584375 0.600000 0.053125 0.053125
0 0.602344 0.405469 0.060937 0.060937
0 0.157812 0.876563 0.037500 0.037500
