0 0.959375 0.618750 0.062500 0.062500
0 0.524219 0.917969 0.089063 0.089063
0 0.884375 0.203125 0.053125 0.053125
0 0.306250 0.123438 0.078125 0.078125
0 0.614844 0.852344 0.035937 0.035937
0 0.610938 0.350000 0.037500 0.037500
0 0.872656 0.941406 0.032813 0.032813
0 0.300781 0.703906 0.048438 0.048438
0 0.790625 0.584375 0.040625 0.040625
0 0.810937 0.260937 0.084375 0.084375
0 0.858594 0.732031 0.035937 0.035937
0 0.664062 0.745313 0.031250 0.031250
0 0.526563 0.179688 0.081250 0.081250
0 0.081250 0.717187 0.065625 0.065625
0 0.189062 0.334375 0.078125 0.078125
0 0.360938 0.554688 0.096875 0.096875
0 0.174219 0.521094 0.076563 0.076563
