0 0.058594 0.527344 0.048438 0.048438
0 0.054688 0.453125 0.084375 0.084375
0 0.652344 0.332031 0.039062 0.039062
0 0.412500 0.414062 0.053125 0.053125
0 0.135937 0.085938 0.056250 0.056250
0 0.622656 0.738281 0.092188 0.092188
0 0.185938 0.506250 0.050000 0.050000
0 0.885938 0.667188 0.040625 0.040625
0 0.068750 0.270313 0.071875 0.071875
0 0.754687 0.509375 0.031250 0.031250
0 0.631250 0.454688 0.087500 0.087500
0 0.245312 0.821875 0.096875 0.096875
0 0.095312 0.351562 0.084375 0.084375
0 0.464062 0.176563 0.065625 0.065625
0 0.092969 0.761719 0.070312 0.070312
0 0.159375 0.246875 0.071875 0.071875
0 0.513281 0.760156 0.067187 0.067187
0 0.816406 0.432031 0.064062 0.064062
0 0.158594 0.611719 0.029687 0.029687
0 0.879687 0.206250 0.075000 0.075000
