0 0.188281 0.700781 0.092188 0.092188
0 0.325781 0.430469 0.039062 0.039062
0 0.053125 0.670312 0.040625 0.040625
0 0.984375 0.767188 0.031250 0.031250
0 0.107813 0.315625 0.081250 0.081250
0 0.460938 0.401562 0.075000 0.075000
0 0.864062 0.415625 0.046875 0.046875
0 0.597656 0.552344 0.085938 0.085938
0 0.615625 0.181250 0.059375 0.059375
0 0.753906 0.164844 0.048438 0.048438
0 0.686719 0.447656 0.092188 0.092188
0 0.225000 0.246875 0.068750 0.068750
0 0.087500 0.487500 0.046875 0.046875
0 0.270313 0.962500 0.065625 0.065625
0 0.570312 0.460938 0.081250 0.081250
