0 0.941406 0.613281 0.098437 0.098437
0 0.210938 0.367188 0.084375 0.084375
0 0.376563 0.573438 0.068750 0.068750
0 0.529687 0.203125 0.090625 0.090625
0 0.815625 0.903125 0.034375 0.034375
0 0.888281 0.964844 0.054688 0.054688
0 0.579688 0.098437 0.031250 0.031250
0 0.744531 0.642969 0.057813 0.057813
0 0.624219 0.563281 0.039062 0.039062
0 0.670312 0.329688 0.050000 0.050000
0 0.657813 0.392188 0.050000 0.050000
0 0.220312 0.189062 0.043750 0.043750
0 0.636719 0.091406 0.045312 0.045312
0 0.053906 0.867969 0.060937 0.060937
0 0.604688 0.732812 0.075000 0.075000
