0 0.107031 0.069531 0.048438 0.048438
0 0.206250 0.510938 0.071875 0.071875
0 0.661719 0.158594 0.042188 0.042188
0 0.180469 0.342969 0.095312 0.095312
0 0.215625 0.692187 0.075000 0.075000
0 0.523438 0.310937 0.050000 0.050000
0 0.646094 0.708594 0.092188 0.092188
0 0.820312 0.292187 0.053125 0.053125
0 0.946875 0.523438 0.084375 0.084375
0 0.087500 0.220312 0.037500 0.037500
0 0.371094 0.149219 0.067187 0.067187
0 0.382812 0.267188 0.031250 0.031250
0 0.742969 0.375781 0.073438 0.073438
0 0.059375 0.793750 0.056250 0.056250
0 0.432031 0.044531 0.064062 0.064062
0 0.728125 0.910937 0.093750 0.093750
0 0.617188 0.484375 0.090625 0.090625
0 0.625781 0.032031 0.035937 0.035937
0 0.741406 0.224219 0.067187 0.067187
0 0.244531 0.452344 0.035937 0.035937
