0 0.542969 0.128906 0.032813 0.032813
0 0.188281 0.719531 0.064062 0.064062
0 0.325781 0.944531 0.029687 0.029687
0 0.238281 0.375781 0.039062 0.039062
0 0.760156 0.649219 0.076563 0.076563
0 0.189062 0.262500 0.053125 0.053125
0 0.617969 0.802344 0.060937 0.060937
0 0.567187 0.414062 0.093750 0.093750
0 0.360938 0.398438 0.065625 0.065625
0 0.414844 0.388281 0.032813 0.032813
0 0.699219 0.097656 0.064062 0.064062
0 0.253125 0.042188 0.081250 0.081250
0 0.700000 0.781250 0.062500 0.062500
0 0.821875 0.540625 0.075000 0.075000
0 0.367969 0.125781 0.035937 0.035937
0 0.856250 0.415625 0.043750 0.043750
0 0.241406 0.582031 0.076563 0.076563
0 0.525000 0.564063 0.096875 0.096875
