0 0.515625 0.745313 0.037500 0.037500
0 0.146875 0.789062 0.068750 0.068750
0 0.291406 0.536719 0.079687 0.079687
0 0.071875 0.482812 0.090625 0.090625
0 0.896875 0.184375 0.050000 0.050000
0 0.464844 0.417969 0.039062 0.039062
0 0.075781 0.269531 0.095312 0.095312
0 0.842187 0.664062 0.084375 0.084375
0 0.196094 0.069531 0.060937 0.060937
0 0.424219 0.169531 0.092188 0.092188
0 0.114844 0.067969 0.035937 0.035937
0 0.796094 0.582031 0.073438 0.073438
0 0.885938 0.939063 0.062500 0.062500
0 0.051562 0.042188 0.040625 0.040625
