0 0.751563 0.281250 0.050000 0.050000
0 0.527344 0.649219 0.085938 0.085938
0 0.931250 0.467187 0.037500 0.037500
0 0.376563 0.445312 0.081250 0.081250
0 0.039844 0.613281 0.042188 0.042188
0 0.189844 0.211719 0.057813 0.057813
0 0.219531 0.522656 0.029687 0.029687
0 0.775000 0.573438 0.034375 0.034375
0 0.174219 0.085156 0.079687 0.079687
0 0.874219 0.336719 0.064062 0.064062
0 0.675000 0.909375 0.065625 0.065625
0 0.448437 0.260937 0.056250 0.056250
0 0.625781 0.541406 0.076563 0.076563
0 0.208594 0.855469 0.073438 0.073438
0 0.890625 0.839063 0.056250 0.056250
0 0.126562 0.512500 0.071875 0.071875
0 0.874219 0.764844 0.079687 0.079687
0 0.978125 0.259375 0.040625 0.040625
0 0.343750 0.785937 0.093750 0.093750
