0 0.157031 0.500781 0.089063 0.089063
0 0.302344 0.075781 0.029687 0.029687
0 0.895312 0.856250 0.053125 0.053125
0 0.817969 0.469531 0.048438 0.048438
0 0.601562 0.448437 0.081250 0.081250
0 0.275781 0.802344 0.073438 0.073438
0 0.844531 0.563281 0.039062 0.039062
0 0.617969 0.135156 0.070312 0.070312
0 0.102344 0.832031 0.067187 0.067187
0 0.586719 0.736719 0.095312 0.095312
0 0.563281 0.925781 0.085938 0.085938
0 0.742969 0.169531 0.039062 0.039062
0 0.089844 0.235156 0.029687 0.029687
0 0.896875 0.750000 0.075000 0.075000
0 0.146875 0.660937 0.090625 0.090625
0 0.800000 0.712500 0.084375 0.084375
0 0.389062 0.034375 0.040625 0.040625
0 0.675781 0.863281 0.085938 0.085938
0 0.535156 0.486719 0.039062 0.039062
