0 0.168750 0.664062 0.062500 0.062500
0 0.681250 0.826562 0.087500 0.087500
0 0.786719 0.067969 0.067187 0.067187
0 0.304688 0.784375 0.037500 0.037500
0 0.822656 0.507031 0.054688 0.054688
0 0.045312 0.439063 0.034375 0.034375
0 0.980469 0.589844 0.039062 0.039062
0 0.153906 0.903906 0.048438 0.048438
0 0.567969 0.247656 0.048438 0.048438
0 0.116406 0.364844 0.048438 0.048438
0 0.750781 0.885156 0.042188 0.042188
0 0.050781 0.117969 0.057813 0.057813
0 0.578125 0.832812 0.090625 0.090625
0 0.926562 0.771875 0.056250 0.056250
0 0.149219 0.553906 0.060937 0.060937
0 0.076563 0.567187 0.040625 0.040625
0 0.404687 0.181250 0.084375 0.084375
0 0.622656 0.119531 0.039062 0.039062
