0 0.326562 0.248438 0.040625 0.040625
0 0.034375 0.192188 0.040625 0.040625
0 0.164844 0.600781 0.035937 0.035937
0 0.571094 0.664844 0.067187 0.067187
0 0.571875 0.753125 0.087500 0.087500
0 0.584375 0.909375 0.087500 0.087500
0 0.479687 0.746875 0.062500 0.062500
0 0.882031 0.225781 0.060937 0.060937
0 0.231250 0.050000 0.040625 0.040625
0 0.877344 0.933594 0.051562 0.051562
0 0.909375 0.393750 0.059375 0.059375
0 0.766406 0.183594 0.054688 0.054688
0 0.530469 0.836719 0.054688 0.054688
0 0.574219 0.074219 0.045312 0.045312
0 0.682031 0.322656 0.032813 0.032813
0 0.546094 0.332031 0.032813 0.032813
