0 0.307031 0.308594 0.039062 0.039062
0 0.140625 0.592187 0.040625 0.040625
0 0.275781 0.524219 0.092188 0.092188
0 0.397656 0.522656 0.076563 0.076563
0 0.752344 0.169531 0.085938 0.085938
0 0.339062 0.706250 0.062500 0.062500
0 0.907813 0.801562 0.078125 0.078125
0 0.089844 0.394531 0.054688 0.054688
0 0.452344 0.378906 0.048438 0.048438
0 0.129688 0.331250 0.065625 0.065625
0 0.117188 0.903125 0.068750 0.068750
0 0.708594 0.305469 0.064062 0.064062
0 0.043750 0.706250 0.053125 0.053125
0 0.478125 0.300000 0.065625 0.065625
0 0.064062 0.617188 0.031250 0.031250
0 0.895312 0.670312 0.071875 0.071875
0 0.627344 0.478906 0.095312 0.095312
0 0.081250 0.104688 0.062500 0.062500
0 0.349219 0.755469 0.029687 0.029687
0 0.775000 0.585938 0.053125 0.053125
