0 0.582031 0.267969 0.073438 0.073438
0 0.278906 0.297656 0.029687 0.029687
0 0.839844 0.144531 0.060937 0.060937
0 0.624219 0.577344 0.079687 0.079687
0 0.708594 0.503906 0.085938 0.085938
0 0.060156 0.033594 0.035937 0.035937
0 0.938281 0.789844 0.064062 0.064062
0 0.061719 0.960156 0.035937 0.035937
0 0.498437 0.798438 0.059375 0.059375
0 0.112500 0.384375 0.031250 0.031250
0 0.087500 0.220312 0.043750 0.043750
0 0.657031 0.364844 0.067187 0.067187
0 0.527344 0.608594 0.092188 0.092188
0 0.907031 0.267969 0.045312 0.045312
0 0.182812 0.795312 0.065625 0.065625
0 0.629687 0.068750 0.081250 0.081250
0 0.294531 0.524219 0.070312 0.070312
