0 0.699219 0.424219 0.073438 0.073438
0 0.408594 0.903906 0.045312 0.045312
0 0.252344 0.458594 0.076563 0.076563
0 0.462500 0.135937 0.040625 0.040625
0 0.773438 0.696875 0.046875 0.046875
0 0.112500 0.859375 0.034375 0.034375
0 0.228906 0.613281 0.070312 0.070312
0 0.410938 0.654687 0.037500 0.037500
0 0.715625 0.915625 0.037500 0.037500
0 0.775000 0.910937 0.037500 0.037500
0 0.924219 0.286719 0.079687 0.079687
0 0.881250 0.092188 0.053125 0.053125
0 0.801562 0.800000 0.062500 0.062500
0 0.050000 0.204687 0.075000 0.075000
0 0.546094 0.538281 0.054688 0.054688
0 0.124219 0.917969 0.057813 0.057813
