0 0.178906 0.819531 0.092188 0.092188
0 0.847656 0.778906 0.073438 0.073438
0 0.815625 0.059375 0.062500 0.062500
0 0.258594 0.133594 0.067187 0.067187
0 0.138281 0.357031 0.070312 0.070312
0 0.711719 0.055469 0.076563 0.076563
0 0.639844 0.527344 0.098437 0.098437
0 0.582812 0.275000 0.075000 0.075000
0 0.846875 0.479687 0.040625 0.040625
0 0.061719 0.233594 0.032813 0.032813
0 0.548438 0.829688 0.062500 0.062500
0 0.701562 0.940625 0.075000 0.075000
0 0.410156 0.697656 0.039062 0.039062
0 0.932031 0.889844 0.064062 0.064062
0 0.689063 0.859375 0.040625 0.040625
0 0.663281 0.766406 0.089063 0.089063
