0 0.686719 0.116406 0.067187 0.067187
0 0.339844 0.514844 0.070312 0.070312
0 0.814844 0.442969 0.095312 0.095312
0 0.376563 0.967187 0.059375 0.059375
0 0.243750 0.131250 0.093750 0.093750
0 0.910937 0.050000 0.062500 0.062500
0 0.232031 0.214844 0.032813 0.032813
0 0.106250 0.539062 0.068750 0.068750
0 0.482031 0.855469 0.060937 0.060937
0 0.450781 0.211719 0.092188 0.092188
0 0.528125 0.546875 0.090625 0.090625
0 0.633594 0.886719 0.060937 0.060937
0 0.752344 0.339844 0.089063 0.089063
0 0.100000 0.815625 0.062500 0.062500
0 0.182031 0.802344 0.060937 0.060937
