0 0.069531 0.516406 0.095312 0.095312
0 0.282031 0.096094 0.095312 0.095312
0 0.452344 0.277344 0.048438 0.048438
0 0.296094 0.025781 0.042188 0.042188
0 0.539062 0.793750 0.081250 0.081250
0 0.890625 0.421875 0.084375 0.084375
0 0.893750 0.954688 0.046875 0.046875
0 0.405469 0.160156 0.057813 0.057813
0 0.812500 0.306250 0.040625 0.040625
0 0.861719 0.310156 0.042188 0.042188
0 0.389844 0.641406 0.057813 0.057813
0 0.934375 0.164062 0.093750 0.093750
0 0.743750 0.912500 0.068750 0.068750
0 0.301563 0.234375 0.084375 0.084375
0 0.064844 0.591406 0.045312 0.045312
0 0.747656 0.528906 0.089063 0.089063
