0 0.510156 0.733594 0.051562 0.051562
0 0.085938 0.550000 0.046875 0.046875
0 0.552344 0.808594 0.039062 0.039062
0 0.935156 0.103906 0.073438 0.073438
0 0.747656 0.572656 0.060937 0.060937
0 0.593750 0.328125 0.031250 0.031250
0 0.416406 0.733594 0.070312 0.070312
0 0.189844 0.774219 0.076563 0.076563
0 0.265625 0.050000 0.034375 0.034375
0 0.458594 0.455469 0.098437 0.098437
0 0.861719 0.763281 0.079687 0.079687
0 0.124219 0.330469 0.051562 0.051562
0 0.269531 0.536719 0.064062 0.064062
0 0.342187 0.940625 0.078125 0.078125
0 0.514844 0.124219 0.098437 0.098437
0 0.140625 0.934375 0.056250 0.056250
0 0.666406 0.185156 0.045312 0.045312
