0 0.509375 0.426563 0.037500 0.037500
0 0.275000 0.281250 0.034375 0.034375
0 0.119531 0.022656 0.039062 0.039062
0 0.278125 0.485938 0.056250 0.056250
0 0.576562 0.615625 0.040625 0.040625
0 0.261719 0.964844 0.048438 0.048438
0 0.360156 0.569531 0.067187 0.067187
0 0.076563 0.703125 0.075000 0.075000
0 0.902344 0.108594 0.076563 0.076563
0 0.216406 0.638281 0.070312 0.070312
0 0.135937 0.507812 0.078125 0.078125
0 0.192188 0.159375 0.053125 0.053125
0 0.085938 0.150000 0.053125 0.053125
0 0.057031 0.344531 0.051562 0.051562
