0 0.670312 0.926562 0.040625 0.040625
0 0.940625 0.625000 0.056250 0.056250
0 0.364844 0.086719 0.076563 0.076563
0 0.186719 0.305469 0.048438 0.048438
0 0.357031 0.567969 0.092188 0.092188
0 0.113281 0.103906 0.054688 0.054688
0 0.715625 0.482812 0.081250 0.081250
0 0.980469 0.785156 0.039062 0.039062
0 0.485938 0.418750 0.065625 0.065625
0 0.453906 0.685156 0.089063 0.089063
0 0.446094 0.921094 0.042188 0.042188
0 0.804688 0.235937 0.081250 0.081250
0 0.918750 0.104688 0.093750 0.093750
0 0.748437 0.745313 0.037500 0.037500
0 0.356250 0.773438 0.043750 0.043750
0 0.451562 0.098437 0.059375 0.059375
0 0.251563 0.214062 0.046875 0.046875
0 0.907813 0.542188 0.065625 0.065625
0 0.673438 0.834375 0.093750 0.093750
