0 0.720313 0.101562 0.093750 0.093750
0 0.551562 0.453125 0.050000 0.050000
0 0.264844 0.872656 0.032813 0.032813
0 0.197656 0.074219 0.098437 0.098437
0 0.887500 0.676562 0.046875 0.046875
0 0.171094 0.830469 0.095312 0.095312
0 0.778125 0.551562 0.043750 0.043750
0 0.753125 0.260937 0.075000 0.075000
0 0.077344 0.777344 0.045312 0.045312
0 0.503906 0.125781 0.095312 0.095312
0 0.768750 0.032813 0.031250 0.031250
0 0.746094 0.350781 0.079687 0.079687
0 0.319531 0.610156 0.064062 0.064062
0 0.428125 0.234375 0.071875 0.071875
0 0.045312 0.254688 0.053125 0.053125
0 0.332031 0.966406 0.032813 0.032813
0 0.382812 0.532813 0.031250 0.031250
0 0.539844 0.017969 0.029687 0.029687
