0 0.416406 0.807031 0.057813 0.057813
0 0.775000 0.900000 0.068750 0.068750
0 0.206250 0.062500 0.053125 0.053125
0 0.824219 0.075781 0.045312 0.045312
0 0.850781 0.241406 0.095312 0.095312
0 0.928125 0.065625 0.043750 0.043750
0 0.385156 0.377344 0.070312 0.070312
0 0.910937 0.648438 0.046875 0.046875
0 0.689063 0.745313 0.084375 0.084375
0 0.371875 0.062500 0.065625 0.065625
0 0.689844 0.282031 0.082812 0.082812
0 0.662500 0.171875 0.093750 0.093750
0 0.491406 0.291406 0.070312 0.070312
0 0.056250 0.778125 0.050000 0.050000
