0 0.759375 0.650000 0.087500 0.087500
0 0.641406 0.891406 0.089063 0.089063
0 0.135156 0.082031 0.067187 0.067187
0 0.310937 0.168750 0.087500 0.087500
0 0.706250 0.100000 0.043750 0.043750
0 0.034375 0.381250 0.056250 0.056250
0 0.175781 0.446094 0.039062 0.039062
0 0.489063 0.260937 0.040625 0.040625
0 0.064844 0.450781 0.073438 0.073438
0 0.846094 0.944531 0.070312 0.070312
0 0.870313 0.190625 0.059375 0.059375
0 0.559375 0.703125 0.037500 0.037500
0 0.621875 0.354687 0.081250 0.081250
0 0.346094 0.903906 0.048438 0.048438
0 0.266406 0.353906 0.073438 0.073438
0 0.182031 0.502344 0.067187 0.067187
0 0.291406 0.571094 0.073438 0.073438
0 0.472656 0.839844 0.045312 0.045312
0 0.047656 0.228906 0.054688 0.054688
0 0.053906 0.771094 0.095312 0.095312
