0 0.098437 0.907813 0.053125 0.053125
0 0.672656 0.596094 0.085938 0.085938
0 0.547656 0.291406 0.092188 0.092188
0 0.975781 0.663281 0.045312 0.045312
0 0.917188 0.096875 0.031250 0.031250
0 0.892188 0.471875 0.090625 0.090625
0 0.447656 0.053906 0.098437 0.098437
0 0.471875 0.407813 0.046875 0.046875
0 0.951562 0.954688 0.078125 0.078125
0 0.034375 0.431250 0.062500 0.062500
0 0.105469 0.788281 0.057813 0.057813
0 0.925000 0.168750 0.034375 0.034375
0 0.527344 0.192969 0.085938 0.085938
0 0.286719 0.596094 0.089063 0.089063
0 0.819531 0.330469 0.095312 0.095312
