0 0.293750 0.460938 0.068750 0.068750
0 0.531250 0.137500 0.075000 0.075000
0 0.352344 0.811719 0.032813 0.032813
0 0.878125 0.107813 0.056250 0.056250
0 0.492969 0.460156 0.070312 0.070312
0 0.395313 0.228125 0.053125 0.053125
0 0.900781 0.597656 0.032813 0.032813
0 0.057031 0.524219 0.042188 0.042188
0 0.103906 0.058594 0.082812 0.082812
0 0.522656 0.303906 0.060937 0.060937
0 0.742188 0.804688 0.090625 0.090625
0 0.855469 0.613281 0.048438 0.048438
0 0.064844 0.936719 0.045312 0.045312
0 0.875000 0.500000 0.046875 0.046875
0 0.768750 0.667188 0.046875 0.046875
0 0.807031 0.944531 0.089063 0.089063
0 0.692969 0.088281 0.064062 0.064062
0 0.842969 0.453906 0.042188 0.042188
0 0.232031 0.822656 0.045312 0.045312
