0 0.771875 0.801562 0.090625 0.090625
0 0.661719 0.610156 0.076563 0.076563
0 0.871875 0.596875 0.059375 0.059375
0 0.446094 0.688281 0.082812 0.082812
0 0.886719 0.267969 0.032813 0.032813
0 0.207813 0.568750 0.050000 0.050000
0 0.907031 0.950781 0.045312 0.045312
0 0.158594 0.417969 0.067187 0.067187
0 0.354687 0.206250 0.093750 0.093750
0 0.743750 0.051562 0.034375 0.034375
0 0.664062 0.189062 0.068750 0.068750
0 0.067969 0.667969 0.035937 0.035937
0 0.214062 0.712500 0.034375 0.034375
0 0.704688 0.526563 0.075000 0.075000
0 0.428125 0.556250 0.068750 0.068750
0 0.310156 0.824219 0.076563 0.076563
