0 0.850000 0.775000 0.046875 0.046875
0 0.911719 0.569531 0.045312 0.045312
0 0.104688 0.287500 0.053125 0.053125
0 0.702344 0.664844 0.057813 0.057813
0 0.305469 0.744531 0.032813 0.032813
0 0.677344 0.152344 0.070312 0.070312
0 0.818750 0.056250 0.040625 0.040625
0 0.202344 0.914844 0.098437 0.098437
0 0.571094 0.489844 0.039062 0.039062
0 0.511719 0.210156 0.092188 0.092188
0 0.474219 0.791406 0.079687 0.079687
0 0.398438 0.698438 0.081250 0.081250
0 0.931250 0.939063 0.090625 0.090625
0 0.394531 0.791406 0.048438 0.048438
0 0.764062 0.540625 0.040625 0.040625
0 0.435937 0.260937 0.043750 0.043750
0 0.385156 0.108594 0.042188 0.042188
0 0.610156 0.663281 0.054688 0.054688
