0 0.797656 0.786719 0.042188 0.042188
0 0.324219 0.061719 0.092188 0.092188
0 0.332031 0.641406 0.045312 0.045312
0 0.435937 0.351562 0.078125 0.078125
0 0.161719 0.752344 0.060937 0.060937
0 0.121094 0.699219 0.035937 0.035937
0 0.846875 0.809375 0.050000 0.050000
0 0.760156 0.524219 0.073438 0.073438
0 0.707031 0.271094 0.054688 0.054688
0 0.930469 0.449219 0.042188 0.042188
0 0.195312 0.657813 0.081250 0.081250
0 0.560156 0.752344 0.045312 0.045312
0 0.423438 0.910937 0.068750 0.068750
0 0.235156 0.397656 0.054688 0.054688
0 0.971094 0.625781 0.045312 0.045312
0 0.756250 0.953125 0.075000 0.075000
0 0.658594 0.463281 0.060937 0.060937
0 0.266406 0.783594 0.082812 0.082812
