0 0.656250 0.325000 0.090625 0.090625
0 0.371094 0.339844 0.067187 0.067187
0 0.285938 0.134375 0.050000 0.050000
0 0.450781 0.872656 0.042188 0.042188
0 0.693750 0.885938 0.056250 0.056250
0 0.900781 0.216406 0.079687 0.079687
0 0.603906 0.580469 0.079687 0.079687
0 0.446875 0.170313 0.068750 0.068750
0 0.569531 0.867969 0.085938 0.085938
0 0.162500 0.085938 0.075000 0.075000
0 0.703125 0.121875 0.040625 0.040625
0 0.530469 0.603906 0.029687 0.029687
0 0.928125 0.476562 0.081250 0.081250
0 0.674219 0.242969 0.039062 0.039062
0 0.885156 0.289844 0.051562 0.051562
0 0.053125 0.346875 0.056250 0.056250
0 0.871094 0.883594 0.070312 0.070312
0 0.393750 0.579688 0.068750 0.068750
0 0.490625 0.578125 0.031250 0.031250
0 0.809375 0.343750 0.096875 0.096875
