0 0.295312 0.746875 0.093750 0.093750
0 0.743750 0.628125 0.059375 0.059375
0 0.913281 0.092969 0.045312 0.045312
0 0.068750 0.910937 0.043750 0.043750
0 0.831250 0.685937 0.059375 0.059375
0 0.796094 0.967969 0.035937 0.035937
0 0.902344 0.205469 0.092188 0.092188
0 0.628125 0.089063 0.059375 0.059375
0 0.160938 0.301563 0.059375 0.059375
0 0.525781 0.530469 0.054688 0.054688
0 0.353125 0.435937 0.096875 0.096875
0 0.663281 0.535156 0.048438 0.048438
0 0.332031 0.142969 0.070312 0.070312
0 0.227344 0.475781 0.051562 0.051562
0 0.055469 0.957031 0.035937 0.035937
0 0.217969 0.125781 0.098437 0.098437
0 0.206250 0.903125 0.090625 0.090625
0 0.596094 0.219531 0.057813 0.057813
0 0.402344 0.767969 0.076563 0.076563
