0 0.856250 0.668750 0.043750 0.043750
0 0.836719 0.539844 0.079687 0.079687
0 0.274219 0.163281 0.089063 0.089063
0 0.315625 0.487500 0.081250 0.081250
0 0.481250 0.231250 0.021875 0.021875
0 0.737500 0.821875 0.093750 0.093750
0 0.163281 0.778906 0.089063 0.089063
0 0.239844 0.932031 0.067187 0.067187
0 0.734375 0.139063 0.062500 0.062500
0 0.071094 0.824219 0.045312 0.045312
0 0.216406 0.374219 0.039062 0.039062
0 0.675000 0.737500 0.065625 0.065625
0 0.885156 0.199219 0.067187 0.067187
0 0.635156 0.419531 0.029687 0.029687
0 0.355469 0.802344 0.035937 0.035937
0 0.901563 0.817187 0.056250 0.056250
0 0.320312 0.889062 0.071875 0.071875
0 0.903125 0.642188 0.040625 0.040625
