0 0.796875 0.790625 0.065625 0.065625
0 0.362500 0.146875 0.053125 0.053125
0 0.207031 0.838281 0.060937 0.060937
0 0.343750 0.392188 0.096875 0.096875
0 0.403125 0.292187 0.075000 0.075000
0 0.201563 0.493750 0.093750 0.093750
0 0.711719 0.580469 0.042188 0.042188
0 0.942969 0.889844 0.067187 0.067187
0 0.732031 0.911719 0.048438 0.048438
0 0.558594 0.067969 0.070312 0.070312
0 0.496094 0.671094 0.073438 0.073438
0 0.170313 0.598437 0.040625 0.040625
0 0.866406 0.660156 0.042188 0.042188
0 0.766406 0.260156 0.067187 0.067187
0 0.325781 0.697656 0.064062 0.064062
0 0.139844 0.078906 0.057813 0.057813
0 0.934375 0.292187 0.065625 0.065625
