0 0.738281 0.399219 0.095312 0.095312
0 0.077344 0.178906 0.051562 0.051562
0 0.514844 0.196094 0.060937 0.060937
0 0.489063 0.492188 0.090625 0.090625
0 0.303906 0.785156 0.029687 0.029687
0 0.232813 0.743750 0.046875 0.046875
0 0.498437 0.653125 0.056250 0.056250
0 0.251563 0.245312 0.087500 0.087500
0 0.144531 0.371094 0.067187 0.067187
0 0.492969 0.082031 0.035937 0.035937
0 0.096875 0.778125 0.096875 0.096875
0 0.294531 0.600781 0.042188 0.042188
0 0.837500 0.100000 0.037500 0.037500
0 0.805469 0.950781 0.051562 0.051562
0 0.327344 0.553906 0.042188 0.042188
0 0.103125 0.270313 0.096875 0.096875
0 0.703906 0.224219 0.042188 0.042188
