0 0.283594 0.125781 0.039062 0.039062
0 0.846094 0.296094 0.076563 0.076563
0 0.677344 0.197656 0.085938 0.085938
0 0.385937 0.601562 0.065625 0.065625
0 0.364844 0.541406 0.032813 0.032813
0 0.466406 0.516406 0.085938 0.085938
0 0.440625 0.382812 0.062500 0.062500
0 0.714063 0.398438 0.075000 0.075000
0 0.299219 0.858594 0.089063 0.089063
0 0.210938 0.664062 0.068750 0.068750
0 0.900781 0.150781 0.095312 0.095312
0 0.273438 0.746875 0.081250 0.081250
0 0.948438 0.568750 0.068750 0.068750
0 0.352344 0.119531 0.082812 0.082812
0 0.234375 0.556250 0.084375 0.084375
