0 0.159375 0.734375 0.034375 0.034375
0 0.805469 0.810156 0.073438 0.073438
0 0.248438 0.406250 0.090625 0.090625
0 0.774219 0.072656 0.060937 0.060937
0 0.040625 0.056250 0.059375 0.059375
0 0.646875 0.689063 0.065625 0.065625
0 0.902344 0.789844 0.064062 0.064062
0 0.050781 0.483594 0.051562 0.051562
0 0.916406 0.438281 0.057813 0.057813
0 0.524219 0.733594 0.064062 0.064062
0 0.165625 0.826562 0.065625 0.065625
0 0.750781 0.953906 0.032813 0.032813
0 0.203125 0.232813 0.087500 0.087500
0 0.728125 0.746875 0.037500 0.037500
0 0.331250 0.732812 0.046875 0.046875
