0 0.780469 0.794531 0.095312 0.095312
0 0.264844 0.877344 0.060937 0.060937
0 0.950781 0.777344 0.073438 0.073438
0 0.890625 0.057813 0.046875 0.046875
0 0.243750 0.754687 0.084375 0.084375
0 0.369531 0.174219 0.057813 0.057813
0 0.563281 0.161719 0.082812 0.082812
0 0.857812 0.918750 0.068750 0.068750
0 0.704688 0.146875 0.037500 0.037500
0 0.856250 0.471875 0.068750 0.068750
0 0.592969 0.413281 0.042188 0.042188
0 0.757031 0.430469 0.060937 0.060937
0 0.839844 0.599219 0.076563 0.076563
0 0.668750 0.562500 0.053125 0.053125
0 0.566406 0.049219 0.035937 0.035937
