0 0.230469 0.660156 0.076563 0.076563
0 0.927344 0.341406 0.035937 0.035937
0 0.867188 0.657813 0.096875 0.096875
0 0.645312 0.895312 0.040625 0.040625
0 0.443750 0.507812 0.081250 0.081250
0 0.373437 0.048438 0.037500 0.037500
0 0.317969 0.078906 0.064062 0.064062
0 0.228125 0.748437 0.056250 0.056250
0 0.520312 0.284375 0.087500 0.087500
0 0.725781 0.952344 0.039062 0.039062
0 0.600000 0.675000 0.065625 0.065625
0 0.347656 0.842969 0.064062 0.064062
0 0.147656 0.724219 0.064062 0.064062
0 0.295312 0.246875 0.065625 0.065625
