0 0.842187 0.454688 0.056250 0.056250
0 0.042188 0.298438 0.040625 0.040625
0 0.207031 0.966406 0.035937 0.035937
0 0.855469 0.061719 0.067187 0.067187
0 0.632812 0.859375 0.093750 0.093750
0 0.266406 0.191406 0.092188 0.092188
0 0.082031 0.905469 0.089063 0.089063
0 0.296875 0.501563 0.081250 0.081250
0 0.528906 0.530469 0.039062 0.039062
0 0.380469 0.375781 0.070312 0.070312
0 0.795312 0.581250 0.059375 0.059375
0 0.705469 0.155469 0.095312 0.095312
0 0.953125 0.384375 0.056250 0.056250
0 0.101562 0.145313 0.034375 0.034375
0 0.400781 0.232031 0.095312 0.095312
0 0.537500 0.251563 0.090625 0.090625
0 0.639844 0.514844 0.095312 0.095312
0 0.664844 0.960156 0.042188 0.042188
0 0.661719 0.700781 0.054688 0.054688
