0 0.558594 0.825781 0.079687 0.079687
0 0.196094 0.153906 0.054688 0.054688
0 0.113281 0.255469 0.051562 0.051562
0 0.388281 0.117969 0.073438 0.073438
0 0.423438 0.800000 0.056250 0.056250
0 0.272656 0.033594 0.039062 0.039062
0 0.414062 0.875000 0.068750 0.068750
0 0.810937 0.435937 0.031250 0.031250
0 0.154688 0.604688 0.062500 0.062500
0 0.565625 0.712500 0.093750 0.093750
0 0.884375 0.951562 0.084375 0.084375
0 0.706250 0.385937 0.043750 0.043750
0 0.373437 0.453125 0.090625 0.090625
0 0.687500 0.709375 0.068750 0.068750
0 0.049219 0.772656 0.032813 0.032813
0 0.183594 0.949219 0.073438 0.073438
0 0.312500 0.839063 0.087500 0.087500
0 0.583594 0.636719 0.032813 0.032813
0 0.509375 0.346875 0.053125 0.053125
0 0.872656 0.561719 0.051562 0.051562
