0 0.197656 0.916406 0.042188 0.042188
0 0.341406 0.736719 0.057813 0.057813
0 0.912500 0.089063 0.059375 0.059375
0 0.464844 0.733594 0.095312 0.095312
0 0.264844 0.753906 0.092188 0.092188
0 0.175000 0.028125 0.040625 0.040625
0 0.310156 0.914844 0.029687 0.029687
0 0.919531 0.885156 0.082812 0.082812
0 0.046875 0.110937 0.087500 0.087500
0 0.412500 0.226562 0.078125 0.078125
0 0.596094 0.519531 0.067187 0.067187
0 0.833594 0.789844 0.085938 0.085938
0 0.380469 0.888281 0.089063 0.089063
0 0.254688 0.342187 0.059375 0.059375
0 0.623437 0.598437 0.065625 0.065625
