0 0.612500 0.693750 0.037500 0.037500
0 0.969531 0.280469 0.029687 0.029687
0 0.321094 0.791406 0.070312 0.070312
0 0.386719 0.188281 0.064062 0.064062
0 0.389062 0.123438 0.031250 0.031250
0 0.244531 0.557031 0.064062 0.064062
0 0.250000 0.110937 0.053125 0.053125
0 0.489844 0.272656 0.070312 0.070312
0 0.845313 0.560937 0.040625 0.040625
0 0.804688 0.789062 0.040625 0.040625
0 0.536719 0.060156 0.045312 0.045312
0 0.468750 0.478125 0.084375 0.084375
0 0.310937 0.042188 0.056250 0.056250
0 0.103906 0.325781 0.076563 0.076563
0 0.773438 0.265625 0.096875 0.096875
0 0.746094 0.117969 0.073438 0.073438
