0 0.515625 0.871875 0.034375 0.034375
0 0.158594 0.888281 0.032813 0.032813
0 0.449219 0.650781 0.054688 0.054688
0 0.205469 0.752344 0.067187 0.067187
0 0.607812 0.339062 0.062500 0.062500
0 0.754687 0.378125 0.084375 0.084375
0 0.466406 0.352344 0.054688 0.054688
0 0.791406 0.607031 0.032813 0.032813
0 0.403125 0.568750 0.050000 0.050000
0 0.299219 0.072656 0.051562 0.051562
0 0.171875 0.109375 0.081250 0.081250
0 0.958594 0.033594 0.032813 0.032813
0 0.861719 0.930469 0.079687 0.079687
0 0.333594 0.216406 0.092188 0.092188
0 0.917969 0.313281 0.035937 0.035937
0 0.910937 0.457813 0.096875 0.096875
0 0.291406 0.835156 0.073438 0.073438
0 0.838281 0.386719 0.032813 0.032813
