0 0.049219 0.255469 0.085938 0.085938
0 0.818750 0.323437 0.043750 0.043750
0 0.278125 0.696875 0.053125 0.053125
0 0.548438 0.467187 0.090625 0.090625
0 0.236719 0.333594 0.032813 0.032813
0 0.764062 0.575000 0.078125 0.078125
0 0.356250 0.514062 0.040625 0.040625
0 0.190625 0.703125 0.056250 0.056250
0 0.515625 0.575000 0.090625 0.090625
0 0.689844 0.827344 0.067187 0.067187
0 0.721094 0.361719 0.085938 0.085938
0 0.720313 0.689063 0.081250 0.081250
0 0.900781 0.236719 0.089063 0.089063
0 0.441406 0.257031 0.045312 0.045312
0 0.182031 0.158594 0.048438 0.048438
0 0.926562 0.964063 0.040625 0.040625
0 0.068750 0.810937 0.084375 0.084375
0 0.494531 0.266406 0.039062 0.039062
0 0.375781 0.642969 0.045312 0.045312
