0 0.418750 0.725000 0.071875 0.071875
0 0.660156 0.583594 0.085938 0.085938
0 0.198437 0.037500 0.043750 0.043750
0 0.732812 0.148438 0.050000 0.050000
0 0.510938 0.042188 0.084375 0.084375
0 0.711719 0.950781 0.076563 0.076563
0 0.294531 0.286719 0.042188 0.042188
0 0.905469 0.241406 0.073438 0.073438
0 0.874219 0.497656 0.076563 0.076563
0 0.584375 0.560937 0.059375 0.059375
0 0.824219 0.219531 0.045312 0.045312
0 0.363281 0.396094 0.054688 0.054688
0 0.763281 0.533594 0.064062 0.064062
0 0.879687 0.832812 0.078125 0.078125
0 0.050000 0.204687 0.034375 0.034375
0 0.728906 0.258594 0.060937 0.060937
0 0.140625 0.218750 0.031250 0.031250
0 0.803906 0.814844 0.054688 0.054688
0 0.213281 0.324219 0.095312 0.095312
0 0.408594 0.252344 0.064062 0.064062
