0 0.792969 0.314844 0.051562 0.051562
0 0.214062 0.121875 0.065625 0.065625
0 0.400000 0.182812 0.087500 0.087500
0 0.368750 0.287500 0.075000 0.075000
0 0.211719 0.503906 0.089063 0.089063
0 0.739844 0.416406 0.060937 0.060937
0 0.744531 0.632031 0.054688 0.054688
0 0.646094 0.516406 0.079687 0.079687
0 0.147656 0.830469 0.039062 0.039062
0 0.393750 0.578125 0.071875 0.071875
0 0.535937 0.485938 0.068750 0.068750
0 0.257812 0.775000 0.093750 0.093750
0 0.845313 0.762500 0.090625 0.090625
0 0.115625 0.204687 0.050000 0.050000
