0 0.910937 0.403125 0.090625 0.090625
0 0.941406 0.160156 0.089063 0.089063
0 0.325000 0.867188 0.056250 0.056250
0 0.697656 0.183594 0.042188 0.042188
0 0.316406 0.696094 0.060937 0.060937
0 0.400000 0.040625 0.062500 0.062500
0 0.587500 0.598437 0.084375 0.084375
0 0.532813 0.957812 0.053125 0.053125
0 0.493750 0.406250 0.050000 0.050000
0 0.938281 0.653906 0.092188 0.092188
0 0.495312 0.190625 0.090625 0.090625
0 0.096875 0.668750 0.053125 0.053125
0 0.208594 0.636719 0.079687 0.079687
0 0.035156 0.341406 0.035937 0.035937
0 0.774219 0.750781 0.095312 0.095312
0 0.111719 0.552344 0.089063 0.089063
