0 0.782813 0.532813 0.053125 0.053125
0 0.235156 0.638281 0.092188 0.092188
0 0.092969 0.857031 0.098437 0.098437
0 0.609375 0.225000 0.040625 0.040625
0 0.836719 0.744531 0.095312 0.095312
0 0.130469 0.052344 0.032813 0.032813
0 0.745313 0.096875 0.081250 0.081250
0 0.192969 0.864844 0.045312 0.045312
0 0.031250 0.512500 0.062500 0.062500
0 0.725781 0.930469 0.032813 0.032813
0 0.109375 0.281250 0.078125 0.078125
0 0.032031 0.291406 0.042188 0.042188
0 0.525000 0.090625 0.096875 0.096875
0 0.504687 0.807813 0.078125 0.078125
0 0.945312 0.576562 0.043750 0.043750
