0 0.810937 0.914062 0.056250 0.056250
0 0.947656 0.730469 0.067187 0.067187
0 0.864844 0.444531 0.042188 0.042188
0 0.042188 0.831250 0.075000 0.075000
0 0.785937 0.076563 0.084375 0.084375
0 0.493750 0.890625 0.096875 0.096875
0 0.269531 0.483594 0.092188 0.092188
0 0.914844 0.232031 0.054688 0.054688
0 0.925000 0.543750 0.065625 0.065625
0 0.312500 0.693750 0.093750 0.093750
0 0.410938 0.692187 0.090625 0.090625
0 0.041406 0.228906 0.082812 0.082812
0 0.377344 0.563281 0.092188 0.092188
0 0.107813 0.876563 0.053125 0.053125
