0 0.250781 0.791406 0.082812 0.082812
0 0.136719 0.385156 0.076563 0.076563
0 0.505469 0.244531 0.039062 0.039062
0 0.835156 0.417969 0.070312 0.070312
0 0.304688 0.240625 0.084375 0.084375
0 0.534375 0.121875 0.031250 0.031250
0 0.260156 0.650781 0.070312 0.070312
0 0.100000 0.940625 0.034375 0.034375
0 0.721094 0.064844 0.092188 0.092188
0 0.811719 0.355469 0.042188 0.042188
0 0.589844 0.311719 0.073438 0.073438
0 0.592187 0.714063 0.093750 0.093750
0 0.116406 0.202344 0.070312 0.070312
0 0.202344 0.488281 0.039062 0.039062
0 0.094531 0.472656 0.060937 0.060937
0 0.691406 0.591406 0.064062 0.064062
0 0.939844 0.389844 0.039062 0.039062
0 0.348438 0.920312 0.053125 0.053125
0 0.395313 0.323437 0.062500 0.062500
0 0.432031 0.044531 0.057813 0.057813
