0 0.756250 0.778125 0.087500 0.087500
0 0.674219 0.958594 0.057813 0.057813
0 0.826562 0.621875 0.031250 0.031250
0 0.782813 0.070312 0.053125 0.053125
0 0.693750 0.262500 0.068750 0.068750
0 0.424219 0.799219 0.039062 0.039062
0 0.517188 0.095312 0.043750 0.043750
0 0.808594 0.533594 0.060937 0.060937
0 0.875000 0.359375 0.046875 0.046875
0 0.291406 0.407031 0.079687 0.079687
0 0.489844 0.328906 0.070312 0.070312
0 0.099219 0.225781 0.085938 0.085938
0 0.243750 0.762500 0.065625 0.065625
0 0.889844 0.882031 0.039062 0.039062
0 0.545312 0.189062 0.040625 0.040625
0 0.692187 0.125000 0.065625 0.065625
0 0.881250 0.070312 0.056250 0.056250
