0 0.875000 0.092188 0.059375 0.059375
0 0.370312 0.404687 0.093750 0.093750
0 0.511719 0.453906 0.039062 0.039062
0 0.519531 0.610156 0.089063 0.089063
0 0.164062 0.209375 0.078125 0.078125
0 0.829688 0.293750 0.081250 0.081250
0 0.910937 0.921875 0.084375 0.084375
0 0.928906 0.225781 0.032813 0.032813
0 0.956250 0.776563 0.065625 0.065625
0 0.107813 0.779687 0.031250 0.031250
0 0.735156 0.697656 0.073438 0.073438
0 0.666406 0.461719 0.089063 0.089063
0 0.181250 0.085938 0.087500 0.087500
0 0.208594 0.475781 0.073438 0.073438
0 0.271875 0.734375 0.040625 0.040625
0 0.414844 0.171094 0.042188 0.042188
0 0.771094 0.116406 0.045312 0.045312
