0 0.304688 0.665625 0.071875 0.071875
0 0.556250 0.879687 0.078125 0.078125
0 0.794531 0.650781 0.095312 0.095312
0 0.330469 0.352344 0.095312 0.095312
0 0.908594 0.219531 0.042188 0.042188
0 0.342187 0.245312 0.062500 0.062500
0 0.538281 0.250781 0.089063 0.089063
0 0.502344 0.707031 0.045312 0.045312
0 0.895312 0.935937 0.040625 0.040625
0 0.396875 0.037500 0.050000 0.050000
0 0.720313 0.870313 0.071875 0.071875
0 0.221875 0.520312 0.068750 0.068750
0 0.086719 0.121094 0.095312 0.095312
0 0.169531 0.917969 0.089063 0.089063
0 0.717187 0.228125 0.034375 0.034375
0 0.763281 0.244531 0.048438 0.048438
0 0.560156 0.355469 0.070312 0.070312
0 0.546875 0.945312 0.031250 0.031250
0 0.561719 0.074219 0.039062 0.039062
0 0.507812 0.410938 0.034375 0.034375
