0 0.651563 0.204687 0.040625 0.040625
0 0.785156 0.538281 0.098437 0.098437
0 0.407031 0.077344 0.064062 0.064062
0 0.934375 0.209375 0.075000 0.075000
0 0.238281 0.397656 0.089063 0.089063
0 0.053125 0.937500 0.084375 0.084375
0 0.314844 0.041406 0.067187 0.067187
0 0.158594 0.794531 0.076563 0.076563
0 0.104688 0.475000 0.059375 0.059375
0 0.790625 0.273438 0.062500 0.062500
0 0.215625 0.493750 0.093750 0.093750
0 0.954688 0.689063 0.056250 0.056250
0 0.424219 0.336719 0.060937 0.060937
0 0.352344 0.561719 0.042188 0.042188
0 0.208594 0.264844 0.057813 0.057813
0 0.150781 0.377344 0.064062 0.064062
0 0.496094 0.625781 0.054688 0.054688
0 0.620313 0.254688 0.037500 0.037500
