0 0.372656 0.325781 0.098437 0.098437
0 0.675781 0.574219 0.054688 0.054688
0 0.591406 0.632031 0.085938 0.085938
0 0.042188 0.089063 0.062500 0.062500
0 0.539844 0.960156 0.035937 0.035937
0 0.135937 0.343750 0.071875 0.071875
0 0.233594 0.091406 0.092188 0.092188
0 0.607031 0.108594 0.082812 0.082812
0 0.121094 0.919531 0.051562 0.051562
0 0.249219 0.457031 0.042188 0.042188
0 0.330469 0.091406 0.039062 0.039062
0 0.341406 0.889844 0.035937 0.035937
0 0.921094 0.761719 0.085938 0.085938
0 0.771094 0.311719 0.076563 0.076563
0 0.832812 0.093750 0.087500 0.087500
0 0.514844 0.292969 0.029687 0.029687
0 0.182812 0.468750 0.068750 0.068750
