0 0.856250 0.876563 0.084375 0.084375
0 0.415625 0.287500 0.034375 0.034375
0 0.622656 0.921094 0.098437 0.098437
0 0.103125 0.600000 0.093750 0.093750
0 0.487500 0.592187 0.068750 0.068750
0 0.234375 0.398438 0.096875 0.096875
0 0.357812 0.909375 0.096875 0.096875
0 0.172656 0.707031 0.079687 0.079687
0 0.763281 0.217969 0.035937 0.035937
0 0.696094 0.250781 0.060937 0.060937
0 0.940625 0.401562 0.037500 0.037500
0 0.608594 0.132031 0.032813 0.032813
0 0.585938 0.618750 0.062500 0.062500
0 0.827344 0.385156 0.092188 0.092188
0 0.463281 0.800781 0.054688 0.054688
0 0.087500 0.914062 0.043750 0.043750
0 0.600781 0.285156 0.045312 0.045312
0 0.542188 0.284375 0.050000 0.050000
0 0.270313 0.582812 0.043750 0.043750
