0 0.615625 0.545312 0.050000 0.050000
0 0.734375 0.231250 0.071875 0.071875
0 0.526563 0.873437 0.037500 0.037500
0 0.768750 0.754687 0.043750 0.043750
0 0.803125 0.701562 0.043750 0.043750
0 0.221094 0.091406 0.035937 0.035937
0 0.252344 0.841406 0.051562 0.051562
0 0.171875 0.032813 0.046875 0.046875
0 0.082031 0.878906 0.098437 0.098437
0 0.364063 0.490625 0.081250 0.081250
0 0.675781 0.883594 0.042188 0.042188
0 0.747656 0.314844 0.060937 0.060937
0 0.257812 0.595313 0.043750 0.043750
0 0.696094 0.647656 0.076563 0.076563
0 0.896875 0.745313 0.084375 0.084375
0 0.293750 0.929688 0.034375 0.034375
