0 0.873437 0.893750 0.075000 0.075000
0 0.577344 0.158594 0.032813 0.032813
0 0.790625 0.807813 0.034375 0.034375
0 0.447656 0.096094 0.039062 0.039062
0 0.682031 0.610156 0.095312 0.095312
0 0.179688 0.650000 0.096875 0.096875
0 0.611719 0.441406 0.073438 0.073438
0 0.160938 0.090625 0.084375 0.084375
0 0.532031 0.722656 0.076563 0.076563
0 0.210156 0.202344 0.045312 0.045312
0 0.752344 0.800781 0.029687 0.029687
0 0.346094 0.099219 0.098437 0.098437
0 0.802344 0.664844 0.042188 0.042188
0 0.725000 0.498437 0.081250 0.081250
0 0.088281 0.703906 0.039062 0.039062
0 0.515625 0.470313 0.096875 0.096875
0 0.421094 0.364844 0.042188 0.042188
0 0.705469 0.932031 0.035937 0.035937
0 0.416406 0.852344 0.085938 0.085938
0 0.958594 0.797656 0.079687 0.079687
