0 0.492188 0.293750 0.053125 0.053125
0 0.772656 0.682031 0.054688 0.054688
0 0.667188 0.903125 0.068750 0.068750
0 0.457031 0.094531 0.073438 0.073438
0 0.896094 0.366406 0.089063 0.089063
0 0.228125 0.500000 0.084375 0.084375
0 0.521094 0.910156 0.057813 0.057813
0 0.057031 0.533594 0.079687 0.079687
0 0.937500 0.159375 0.040625 0.040625
0 0.354687 0.282813 0.090625 0.090625
0 0.237500 0.848437 0.084375 0.084375
0 0.891406 0.803906 0.070312 0.070312
0 0.632812 0.293750 0.056250 0.056250
0 0.805469 0.435156 0.073438 0.073438
0 0.965625 0.112500 0.034375 0.034375
0 0.154688 0.653125 0.043750 0.043750
0 0.308594 0.207031 0.048438 0.048438
0 0.306250 0.426563 0.034375 0.034375
