0 0.202344 0.128906 0.067187 0.067187
0 0.434375 0.598437 0.084375 0.084375
0 0.392969 0.396094 0.035937 0.035937
0 0.345313 0.281250 0.084375 0.084375
0 0.906250 0.665625 0.090625 0.090625
0 0.542188 0.631250 0.071875 0.071875
0 0.857031 0.239844 0.060937 0.060937
0 0.700000 0.145313 0.050000 0.050000
0 0.950781 0.071094 0.060937 0.060937
0 0.062500 0.609375 0.050000 0.050000
0 0.899219 0.449219 0.057813 0.057813
0 0.724219 0.435156 0.042188 0.042188
0 0.275000 0.426563 0.056250 0.056250
0 0.628125 0.426563 0.096875 0.096875
0 0.081250 0.040625 0.053125 0.053125
0 0.253906 0.038281 0.051562 0.051562
0 0.059375 0.668750 0.043750 0.043750
