0 0.625781 0.066406 0.048438 0.048438
0 0.760938 0.140625 0.078125 0.078125
0 0.116406 0.121094 0.092188 0.092188
0 0.548438 0.121875 0.096875 0.096875
0 0.357812 0.501563 0.050000 0.050000
0 0.787500 0.953125 0.053125 0.053125
0 0.217188 0.442188 0.093750 0.093750
0 0.339062 0.381250 0.068750 0.068750
0 0.205469 0.858594 0.035937 0.035937
0 0.250781 0.360156 0.039062 0.039062
0 0.453906 0.661719 0.064062 0.064062
0 0.617969 0.397656 0.085938 0.085938
0 0.150000 0.282813 0.043750 0.043750
0 0.706250 0.301563 0.053125 0.053125
0 0.339062 0.234375 0.034375 0.034375
0 0.671875 0.754687 0.081250 0.081250
0 0.095312 0.528125 0.075000 0.075000
