0 0.448437 0.042188 0.062500 0.062500
0 0.189844 0.494531 0.060937 0.060937
0 0.827344 0.846094 0.067187 0.067187
0 0.553906 0.191406 0.095312 0.095312
0 0.596875 0.035937 0.056250 0.056250
0 0.575781 0.867969 0.082812 0.082812
0 0.675781 0.244531 0.054688 0.054688
0 0.785156 0.503906 0.079687 0.079687
0 0.881250 0.567187 0.056250 0.056250
0 0.226562 0.367188 0.071875 0.071875
0 0.314844 0.460156 0.042188 0.042188
0 0.346875 0.721875 0.081250 0.081250
0 0.628125 0.667188 0.078125 0.078125
0 0.877344 0.739844 0.082812 0.082812
0 0.901563 0.818750 0.062500 0.062500
