0 0.734375 0.767188 0.084375 0.084375
0 0.639844 0.552344 0.051562 0.051562
0 0.064844 0.161719 0.039062 0.039062
0 0.474219 0.482031 0.051562 0.051562
0 0.721094 0.405469 0.045312 0.045312
0 0.526563 0.734375 0.046875 0.046875
0 0.961719 0.796094 0.035937 0.035937
0 0.660156 0.900781 0.079687 0.079687
0 0.346875 0.696875 0.050000 0.050000
0 0.064062 0.409375 0.053125 0.053125
0 0.967969 0.083594 0.029687 0.029687
0 0.374219 0.353906 0.095312 0.095312
0 0.297656 0.821094 0.054688 0.054688
0 0.157812 0.937500 0.037500 0.037500
0 0.048438 0.357812 0.046875 0.046875
