0 0.777344 0.433594 0.092188 0.092188
0 0.619531 0.474219 0.079687 0.079687
0 0.975000 0.648438 0.040625 0.040625
0 0.239844 0.891406 0.029687 0.029687
0 0.047656 0.925781 0.054688 0.054688
0 0.281250 0.653125 0.046875 0.046875
0 0.042188 0.281250 0.075000 0.075000
0 0.553906 0.933594 0.064062 0.064062
0 0.709375 0.937500 0.075000 0.075000
0 0.900000 0.112500 0.084375 0.084375
0 0.324219 0.461719 0.042188 0.042188
0 0.568750 0.593750 0.050000 0.050000
0 0.915625 0.454688 0.046875 0.046875
0 0.067187 0.685937 0.081250 0.081250
