0 0.882031 0.705469 0.060937 0.060937
0 0.140625 0.764062 0.050000 0.050000
0 0.164062 0.148438 0.031250 0.031250
0 0.813281 0.441406 0.067187 0.067187
0 0.667969 0.866406 0.057813 0.057813
0 0.685937 0.429688 0.053125 0.053125
0 0.413281 0.941406 0.064062 0.064062
0 0.142187 0.890625 0.037500 0.037500
0 0.664062 0.746875 0.078125 0.078125
0 0.407031 0.436719 0.032813 0.032813
0 0.903125 0.637500 0.043750 0.043750
0 0.389062 0.159375 0.087500 0.087500
0 0.425781 0.364844 0.079687 0.079687
0 0.711719 0.352344 0.057813 0.057813
0 0.250781 0.761719 0.045312 0.045312
0 0.221875 0.670312 0.087500 0.087500
