0 0.128125 0.392188 0.062500 0.062500
0 0.543750 0.862500 0.075000 0.075000
0 0.365625 0.412500 0.043750 0.043750
0 0.142969 0.855469 0.095312 0.095312
0 0.657031 0.511719 0.067187 0.067187
0 0.378906 0.771094 0.082812 0.082812
0 0.292187 0.095312 0.081250 0.081250
0 0.900000 0.935937 0.087500 0.087500
0 0.547656 0.222656 0.051562 0.051562
0 0.534375 0.793750 0.053125 0.053125
0 0.708594 0.769531 0.079687 0.079687
0 0.900781 0.635156 0.039062 0.039062
0 0.395313 0.845313 0.031250 0.031250
0 0.050781 0.630469 0.076563 0.076563
0 0.576562 0.040625 0.037500 0.037500
