0 0.310156 0.678906 0.039062 0.039062
0 0.442188 0.740625 0.078125 0.078125
0 0.658594 0.169531 0.054688 0.054688
0 0.470313 0.359375 0.075000 0.075000
0 0.662500 0.728125 0.084375 0.084375
0 0.802344 0.642969 0.064062 0.064062
0 0.497656 0.819531 0.076563 0.076563
0 0.800781 0.496094 0.073438 0.073438
0 0.377344 0.430469 0.029687 0.029687
0 0.203906 0.086719 0.060937 0.060937
0 0.771875 0.146875 0.075000 0.075000
0 0.721875 0.512500 0.031250 0.031250
0 0.418750 0.882812 0.075000 0.075000
0 0.662500 0.853125 0.037500 0.037500
