0 0.454688 0.298438 0.084375 0.084375
0 0.296094 0.867969 0.076563 0.076563
0 0.474219 0.930469 0.085938 0.085938
0 0.310937 0.189062 0.090625 0.090625
0 0.606250 0.106250 0.040625 0.040625
0 0.488281 0.086719 0.076563 0.076563
0 0.363281 0.338281 0.054688 0.054688
0 0.589063 0.054688 0.040625 0.040625
0 0.903125 0.628125 0.093750 0.093750
0 0.448437 0.560937 0.050000 0.050000
0 0.325781 0.575781 0.085938 0.085938
0 0.280469 0.675781 0.076563 0.076563
0 0.135937 0.098437 0.075000 0.075000
0 0.721875 0.787500 0.046875 0.046875
0 0.604688 0.531250 0.037500 0.037500
0 0.196875 0.048438 0.043750 0.043750
0 0.708594 0.235156 0.057813 0.057813
0 0.047656 0.510156 0.035937 0.035937
