0 0.832031 0.878906 0.054688 0.054688
0 0.451562 0.560937 0.093750 0.093750
0 0.164844 0.577344 0.085938 0.085938
0 0.482031 0.828906 0.098437 0.098437
0 0.666406 0.096094 0.051562 0.051562
0 0.707812 0.762500 0.034375 0.034375
0 0.767969 0.233594 0.092188 0.092188
0 0.472656 0.369531 0.060937 0.060937
0 0.810937 0.435937 0.081250 0.081250
0 0.706250 0.953125 0.034375 0.034375
0 0.125000 0.910937 0.090625 0.090625
0 0.194531 0.097656 0.079687 0.079687
0 0.131250 0.214062 0.053125 0.053125
0 0.929688 0.425000 0.087500 0.087500
