0 0.731250 0.251563 0.096875 0.096875
0 0.427344 0.671094 0.060937 0.060937
0 0.939844 0.574219 0.092188 0.092188
0 0.581250 0.371875 0.034375 0.034375
0 0.564844 0.433594 0.042188 0.042188
0 0.822656 0.544531 0.079687 0.079687
0 0.388281 0.866406 0.073438 0.073438
0 0.299219 0.110156 0.054688 0.054688
0 0.194531 0.310156 0.073438 0.073438
0 0.771094 0.842969 0.076563 0.076563
0 0.676562 0.051562 0.062500 0.062500
0 0.374219 0.394531 0.057813 0.057813
0 0.630469 0.371094 0.048438 0.048438
0 0.933594 0.375781 0.095312 0.095312
0 0.964063 0.112500 0.056250 0.056250
0 0.949219 0.269531 0.039062 0.039062
0 0.679688 0.404687 0.046875 0.046875
