0 0.446094 0.455469 0.067187 0.067187
0 0.239844 0.872656 0.085938 0.085938
0 0.373437 0.567187 0.062500 0.062500
0 0.488281 0.911719 0.079687 0.079687
0 0.692969 0.736719 0.067187 0.067187
0 0.621094 0.617969 0.067187 0.067187
0 0.633594 0.949219 0.092188 0.092188
0 0.096875 0.928125 0.053125 0.053125
0 0.849219 0.425781 0.085938 0.085938
0 0.213281 0.960156 0.035937 0.035937
0 0.285156 0.274219 0.079687 0.079687
0 0.489844 0.207031 0.070312 0.070312
0 0.537500 0.382812 0.093750 0.093750
0 0.425000 0.098437 0.065625 0.065625
0 0.792969 0.744531 0.092188 0.092188
0 0.482812 0.756250 0.034375 0.034375
0 0.796094 0.855469 0.035937 0.035937
