0 0.163281 0.703906 0.085938 0.085938
0 0.210156 0.789844 0.070312 0.070312
0 0.371094 0.552344 0.085938 0.085938
0 0.348438 0.637500 0.050000 0.050000
0 0.235156 0.289844 0.064062 0.064062
0 0.906250 0.884375 0.031250 0.031250
0 0.772656 0.624219 0.076563 0.076563
0 0.340625 0.442188 0.068750 0.068750
0 0.489063 0.337500 0.059375 0.059375
0 0.288281 0.142969 0.032813 0.032813
0 0.260156 0.389844 0.035937 0.035937
0 0.270313 0.915625 0.056250 0.056250
0 0.391406 0.285156 0.095312 0.095312
0 0.625000 0.632812 0.068750 0.068750
0 0.846875 0.959375 0.059375 0.059375
0 0.625000 0.948438 0.065625 0.065625
0 0.640625 0.348438 0.056250 0.056250
