0 0.154688 0.500000 0.059375 0.059375
0 0.367969 0.436719 0.057813 0.057813
0 0.748437 0.454688 0.056250 0.056250
0 0.047656 0.224219 0.085938 0.085938
0 0.696875 0.618750 0.037500 0.037500
0 0.135156 0.721094 0.089063 0.089063
0 0.947656 0.552344 0.082812 0.082812
0 0.664844 0.405469 0.067187 0.067187
0 0.209375 0.110937 0.087500 0.087500
0 0.152344 0.316406 0.085938 0.085938
0 0.819531 0.233594 0.064062 0.064062
0 0.553125 0.285938 0.093750 0.093750
0 0.066406 0.816406 0.092188 0.092188
0 0.447656 0.639844 0.095312 0.095312
0 0.028906 0.450781 0.048438 0.048438
0 0.681250 0.460938 0.037500 0.037500
0 0.693750 0.732812 0.071875 0.071875
0 0.835156 0.325781 0.032813 0.032813
0 0.210938 0.221875 0.031250 0.031250
0 0.947656 0.946094 0.064062 0.064062
