0 0.937500 0.768750 0.037500 0.037500
0 0.542969 0.788281 0.067187 0.067187
0 0.378906 0.574219 0.045312 0.045312
0 0.615625 0.040625 0.053125 0.053125
0 0.975000 0.484375 0.043750 0.043750
0 0.964063 0.865625 0.062500 0.062500
0 0.738281 0.067969 0.045312 0.045312
0 0.479687 0.750000 0.053125 0.053125
0 0.597656 0.494531 0.085938 0.085938
0 0.469531 0.930469 0.079687 0.079687
0 0.214844 0.903906 0.064062 0.064062
0 0.310156 0.366406 0.076563 0.076563
0 0.498437 0.260937 0.093750 0.093750
0 0.491406 0.169531 0.035937 0.035937
0 0.423438 0.828125 0.075000 0.075000
