0 0.938281 0.322656 0.032813 0.032813
0 0.235937 0.754687 0.087500 0.087500
0 0.398438 0.703125 0.034375 0.034375
0 0.787500 0.954688 0.090625 0.090625
0 0.187500 0.864062 0.075000 0.075000
0 0.130469 0.196094 0.057813 0.057813
0 0.838281 0.047656 0.085938 0.085938
0 0.249219 0.142969 0.035937 0.035937
0 0.901563 0.253125 0.034375 0.034375
0 0.393750 0.937500 0.031250 0.031250
0 0.739844 0.124219 0.042188 0.042188
0 0.544531 0.408594 0.035937 0.035937
0 0.292187 0.662500 0.078125 0.078125
0 0.199219 0.321094 0.070312 0.070312
0 0.352344 0.347656 0.067187 0.067187
0 0.100781 0.816406 0.032813 0.032813
