0 0.813281 0.511719 0.067187 0.067187
0 0.391406 0.183594 0.057813 0.057813
0 0.553906 0.961719 0.060937 0.060937
0 0.706250 0.439063 0.059375 0.059375
0 0.819531 0.283594 0.089063 0.089063
0 0.104688 0.553125 0.096875 0.096875
0 0.927344 0.203906 0.060937 0.060937
0 0.205469 0.219531 0.076563 0.076563
0 0.074219 0.444531 0.076563 0.076563
0 0.464062 0.440625 0.040625 0.040625
0 0.864062 0.832812 0.065625 0.065625
0 0.146875 0.812500 0.090625 0.090625
0 0.900781 0.607031 0.054688 0.054688
0 0.582031 0.249219 0.039062 0.039062
0 0.446875 0.850000 0.040625 0.040625
0 0.365625 0.893750 0.093750 0.093750
0 0.884375 0.743750 0.040625 0.040625
0 0.646094 0.696094 0.082812 0.082812
