0 0.664844 0.022656 0.045312 0.045312
0 0.586719 0.186719 0.048438 0.048438
0 0.084375 0.601562 0.034375 0.034375
0 0.787500 0.475000 0.050000 0.050000
0 0.871094 0.177344 0.095312 0.095312
0 0.287500 0.081250 0.031250 0.031250
0 0.618750 0.798438 0.090625 0.090625
0 0.269531 0.719531 0.060937 0.060937
0 0.148438 0.293750 0.059375 0.059375
0 0.269531 0.921094 0.060937 0.060937
0 0.275000 0.176563 0.078125 0.078125
0 0.154688 0.796875 0.031250 0.031250
0 0.537500 0.396875 0.046875 0.046875
0 0.383594 0.316406 0.098437 0.098437
0 0.189844 0.694531 0.070312 0.070312
0 0.039062 0.928125 0.068750 0.068750
0 0.371875 0.528125 0.096875 0.096875
0 0.677344 0.132031 0.098437 0.098437
0 0.692187 0.962500 0.075000 0.075000
