0 0.543750 0.634375 0.056250 0.056250
0 0.650781 0.194531 0.054688 0.054688
0 0.470313 0.367188 0.078125 0.078125
0 0.164844 0.746094 0.057813 0.057813
0 0.400781 0.605469 0.095312 0.095312
0 0.272656 0.091406 0.067187 0.067187
0 0.835938 0.443750 0.034375 0.034375
0 0.943750 0.432812 0.071875 0.071875
0 0.199219 0.875781 0.057813 0.057813
0 0.479687 0.718750 0.050000 0.050000
0 0.642969 0.536719 0.098437 0.098437
0 0.086719 0.663281 0.064062 0.064062
0 0.630469 0.438281 0.089063 0.089063
0 0.328906 0.524219 0.064062 0.064062
0 0.460938 0.823438 0.062500 0.062500
0 0.707031 0.747656 0.076563 0.076563
0 0.053906 0.769531 0.039062 0.039062
0 0.309375 0.614062 0.034375 0.034375
