0 0.894531 0.383594 0.060937 0.060937
0 0.814844 0.144531 0.045312 0.045312
0 0.608594 0.553906 0.057813 0.057813
0 0.081250 0.459375 0.081250 0.081250
0 0.551562 0.415625 0.034375 0.034375
0 0.212500 0.564063 0.050000 0.050000
0 0.550000 0.050000 0.087500 0.087500
0 0.577344 0.930469 0.054688 0.054688
0 0.039062 0.217188 0.062500 0.062500
0 0.875000 0.476562 0.068750 0.068750
0 0.716406 0.207031 0.039062 0.039062
0 0.927344 0.057031 0.092188 0.092188
0 0.219531 0.453906 0.045312 0.045312
0 0.107813 0.675000 0.081250 0.081250
0 0.530469 0.758594 0.067187 0.067187
