0 0.125781 0.864844 0.082812 0.082812
0 0.504687 0.896875 0.081250 0.081250
0 0.174219 0.117969 0.054688 0.054688
0 0.643750 0.592187 0.071875 0.071875
0 0.478125 0.787500 0.075000 0.075000
0 0.210938 0.262500 0.034375 0.034375
0 0.102344 0.172656 0.076563 0.076563
0 0.618750 0.818750 0.050000 0.050000
0 0.422656 0.113281 0.045312 0.045312
0 0.113281 0.511719 0.060937 0.060937
0 0.435937 0.468750 0.081250 0.081250
0 0.052344 0.582031 0.060937 0.060937
0 0.585938 0.078125 0.053125 0.053125
0 0.681250 0.465625 0.034375 0.034375
0 0.849219 0.188281 0.070312 0.070312
0 0.857812 0.618750 0.096875 0.096875
