0 0.347656 0.282031 0.079687 0.079687
0 0.171875 0.843750 0.065625 0.065625
0 0.743750 0.153125 0.068750 0.068750
0 0.405469 0.127344 0.076563 0.076563
0 0.078906 0.982031 0.032813 0.032813
0 0.850781 0.163281 0.045312 0.045312
0 0.781250 0.298438 0.068750 0.068750
0 0.694531 0.522656 0.085938 0.085938
0 0.798438 0.898438 0.056250 0.056250
0 0.712500 0.717187 0.040625 0.040625
0 0.391406 0.882031 0.045312 0.045312
0 0.548438 0.595313 0.090625 0.090625
0 0.538281 0.966406 0.060937 0.060937
0 0.385937 0.364063 0.040625 0.040625
0 0.071875 0.825000 0.087500 0.087500
0 0.106250 0.237500 0.093750 0.093750
