0 0.626563 0.812500 0.090625 0.090625
0 0.204687 0.184375 0.096875 0.096875
0 0.683594 0.955469 0.067187 0.067187
0 0.242188 0.817187 0.087500 0.087500
0 0.324219 0.149219 0.064062 0.064062
0 0.050781 0.130469 0.042188 0.042188
0 0.791406 0.871094 0.035937 0.035937
0 0.844531 0.185156 0.064062 0.064062
0 0.624219 0.182031 0.085938 0.085938
0 0.817969 0.427344 0.029687 0.029687
0 0.815625 0.267188 0.065625 0.065625
0 0.221875 0.498437 0.093750 0.093750
0 0.527344 0.728906 0.032813 0.032813
0 0.137500 0.898438 0.084375 0.084375
0 0.482812 0.573438 0.046875 0.046875
0 0.414062 0.404687 0.037500 0.037500
0 0.603125 0.092188 0.081250 0.081250
0 0.525000 0.789062 0.031250 0.031250
0 0.882031 0.914844 0.029687 0.029687
