0 0.380469 0.697656 0.051562 0.051562
0 0.046875 0.082812 0.075000 0.075000
0 0.141406 0.608594 0.032813 0.032813
0 0.328906 0.911719 0.048438 0.048438
0 0.735156 0.889844 0.060937 0.060937
0 0.467969 0.292969 0.054688 0.054688
0 0.650781 0.485156 0.076563 0.076563
0 0.751563 0.517188 0.062500 0.062500
0 0.717187 0.637500 0.062500 0.062500
0 0.575000 0.865625 0.084375 0.084375
0 0.698438 0.775000 0.071875 0.071875
0 0.568750 0.610938 0.037500 0.037500
0 0.898438 0.648438 0.031250 0.031250
0 0.914844 0.810156 0.057813 0.057813
0 0.513281 0.288281 0.032813 0.032813
0 0.316406 0.378906 0.029687 0.029687
0 0.158594 0.678906 0.098437 0.098437
0 0.077344 0.353906 0.098437 0.098437
0 0.148438 0.842187 0.096875 0.096875
