0 0.477344 0.974219 0.045312 0.045312
0 0.565625 0.545312 0.065625 0.065625
0 0.558594 0.346094 0.082812 0.082812
0 0.283594 0.907031 0.070312 0.070312
0 0.735938 0.167187 0.075000 0.075000
0 0.394531 0.069531 0.079687 0.079687
0 0.949219 0.155469 0.060937 0.060937
0 0.045312 0.121875 0.081250 0.081250
0 0.830469 0.852344 0.089063 0.089063
0 0.515625 0.757812 0.093750 0.093750
0 0.669531 0.171094 0.032813 0.032813
0 0.429688 0.360938 0.078125 0.078125
0 0.496094 0.411719 0.045312 0.045312
0 0.846094 0.355469 0.064062 0.064062
0 0.272656 0.433594 0.092188 0.092188
0 0.225000 0.810937 0.075000 0.075000
