0 0.936719 0.846094 0.076563 0.076563
0 0.188281 0.216406 0.057813 0.057813
0 0.675781 0.330469 0.060937 0.060937
0 0.800000 0.379688 0.065625 0.065625
0 0.096875 0.900000 0.075000 0.075000
0 0.022656 0.232031 0.035937 0.035937
0 0.767188 0.310937 0.068750 0.068750
0 0.414062 0.067187 0.065625 0.065625
0 0.678906 0.780469 0.054688 0.054688
0 0.161719 0.939844 0.032813 0.032813
0 0.488281 0.805469 0.098437 0.098437
0 0.791406 0.774219 0.076563 0.076563
0 0.583594 0.633594 0.076563 0.076563
0 0.292187 0.893750 0.059375 0.059375
0 0.171094 0.786719 0.060937 0.060937
0 0.113281 0.482031 0.029687 0.029687
0 0.410938 0.304688 0.093750 0.093750
0 0.428906 0.905469 0.076563 0.076563
0 0.333594 0.402344 0.082812 0.082812
