0 0.160938 0.135937 0.068750 0.068750
0 0.682813 0.456250 0.096875 0.096875
0 0.648438 0.098437 0.053125 0.053125
0 0.568750 0.878125 0.040625 0.040625
0 0.096875 0.773438 0.096875 0.096875
0 0.292187 0.826562 0.053125 0.053125
0 0.799219 0.508594 0.029687 0.029687
0 0.579688 0.823438 0.065625 0.065625
0 0.325781 0.038281 0.073438 0.073438
0 0.257812 0.412500 0.084375 0.084375
0 0.048438 0.700000 0.040625 0.040625
0 0.847656 0.730469 0.067187 0.067187
0 0.315625 0.543750 0.090625 0.090625
0 0.714844 0.863281 0.070312 0.070312
0 0.801562 0.414062 0.087500 0.087500
0 0.486719 0.152344 0.048438 0.048438
0 0.578906 0.174219 0.064062 0.064062
0 0.104688 0.453125 0.056250 0.056250
0 0.771094 0.102344 0.057813 0.057813
