0 0.624219 0.511719 0.042188 0.042188
0 0.363281 0.499219 0.057813 0.057813
0 0.697656 0.916406 0.064062 0.064062
0 0.733594 0.424219 0.029687 0.029687
0 0.075781 0.930469 0.067187 0.067187
0 0.956250 0.593750 0.062500 0.062500
0 0.352344 0.785156 0.079687 0.079687
0 0.564844 0.619531 0.092188 0.092188
0 0.962500 0.735938 0.037500 0.037500
0 0.735156 0.078906 0.045312 0.045312
0 0.491406 0.964844 0.054688 0.054688
0 0.835938 0.715625 0.081250 0.081250
0 0.400781 0.910156 0.092188 0.092188
0 0.703125 0.271875 0.046875 0.046875
0 0.198437 0.451562 0.075000 0.075000
0 0.089844 0.721094 0.057813 0.057813
0 0.488281 0.039844 0.073438 0.073438
0 0.343750 0.396875 0.046875 0.046875
