0 0.644531 0.657031 0.098437 0.098437
0 0.385156 0.289844 0.057813 0.057813
0 0.310937 0.201563 0.096875 0.096875
0 0.542969 0.050781 0.070312 0.070312
0 0.245312 0.637500 0.093750 0.093750
0 0.952344 0.672656 0.029687 0.029687
0 0.716406 0.466406 0.064062 0.064062
0 0.506250 0.890625 0.040625 0.040625
0 0.476562 0.182812 0.037500 0.037500
0 0.036719 0.958594 0.054688 0.054688
0 0.370312 0.954688 0.040625 0.040625
0 0.803906 0.405469 0.067187 0.067187
0 0.489844 0.316406 0.079687 0.079687
0 0.535156 0.808594 0.073438 0.073438
0 0.794531 0.922656 0.073438 0.073438
0 0.151562 0.362500 0.078125 0.078125
0 0.128906 0.057031 0.073438 0.073438
