0 0.414844 0.707031 0.048438 0.048438
0 0.164844 0.192969 0.039062 0.039062
0 0.304688 0.515625 0.084375 0.084375
0 0.397656 0.074219 0.045312 0.045312
0 0.289062 0.690625 0.062500 0.062500
0 0.244531 0.832031 0.085938 0.085938
0 0.150781 0.924219 0.057813 0.057813
0 0.943750 0.934375 0.037500 0.037500
0 0.357031 0.386719 0.095312 0.095312
0 0.848437 0.757812 0.093750 0.093750
0 0.799219 0.192969 0.079687 0.079687
0 0.772656 0.602344 0.073438 0.073438
0 0.436719 0.589844 0.089063 0.089063
0 0.106250 0.473438 0.065625 0.065625
0 0.968750 0.718750 0.053125 0.053125
0 0.914062 0.789062 0.034375 0.034375
