0 0.309375 0.821875 0.059375 0.059375
0 0.914062 0.895312 0.037500 0.037500
0 0.605469 0.239844 0.082812 0.082812
0 0.042969 0.044531 0.045312 0.045312
0 0.428125 0.896875 0.078125 0.078125
0 0.233594 0.266406 0.070312 0.070312
0 0.111719 0.864844 0.082812 0.082812
0 0.347656 0.688281 0.085938 0.085938
0 0.191406 0.167969 0.076563 0.076563
0 0.669531 0.060156 0.042188 0.042188
0 0.337500 0.543750 0.071875 0.071875
0 0.400000 0.106250 0.078125 0.078125
0 0.141406 0.630469 0.039062 0.039062
0 0.892969 0.766406 0.035937 0.035937
0 0.117969 0.513281 0.095312 0.095312
