0 0.418750 0.859375 0.071875 0.071875
0 0.222656 0.578906 0.054688 0.054688
0 0.238281 0.174219 0.045312 0.045312
0 0.261719 0.836719 0.057813 0.057813
0 0.546875 0.145313 0.040625 0.040625
0 0.298438 0.200000 0.034375 0.034375
0 0.585156 0.375781 0.089063 0.089063
0 0.141406 0.297656 0.076563 0.076563
0 0.842187 0.421875 0.078125 0.078125
0 0.442969 0.361719 0.057813 0.057813
0 0.750781 0.366406 0.073438 0.073438
0 0.075781 0.713281 0.060937 0.060937
0 0.366406 0.174219 0.029687 0.029687
0 0.790625 0.840625 0.096875 0.096875
0 0.364844 0.611719 0.082812 0.082812
0 0.535156 0.061719 0.054688 0.054688
0 0.471094 0.632031 0.064062 0.064062
0 0.672656 0.758594 0.035937 0.035937
0 0.788281 0.942969 0.054688 0.054688
0 0.133594 0.149219 0.095312 0.095312
