0 0.584375 0.121875 0.050000 0.050000
0 0.920312 0.734375 0.046875 0.046875
0 0.949219 0.186719 0.051562 0.051562
0 0.402344 0.224219 0.064062 0.064062
0 0.465625 0.932813 0.071875 0.071875
0 0.692187 0.300000 0.087500 0.087500
0 0.761719 0.107031 0.092188 0.092188
0 0.463281 0.744531 0.035937 0.035937
0 0.049219 0.727344 0.029687 0.029687
0 0.092969 0.666406 0.054688 0.054688
0 0.357031 0.647656 0.039062 0.039062
0 0.844531 0.203906 0.060937 0.060937
0 0.687500 0.712500 0.093750 0.093750
0 0.222656 0.721094 0.085938 0.085938
0 0.105469 0.157031 0.098437 0.098437
0 0.693750 0.907813 0.071875 0.071875
0 0.485156 0.360156 0.089063 0.089063
0 0.872656 0.433594 0.067187 0.067187
0 0.580469 0.339844 0.032813 0.032813
0 0.211719 0.233594 0.095312 0.095312
