0 0.517969 0.230469 0.076563 0.076563
0 0.239063 0.909375 0.056250 0.056250
0 0.730469 0.778906 0.032813 0.032813
0 0.781250 0.285938 0.081250 0.081250
0 0.363281 0.549219 0.054688 0.054688
0 0.148438 0.634375 0.068750 0.068750
0 0.232031 0.528906 0.039062 0.039062
0 0.253906 0.221094 0.089063 0.089063
0 0.724219 0.471094 0.085938 0.085938
0 0.508594 0.536719 0.060937 0.060937
0 0.790625 0.157812 0.071875 0.071875
0 0.660937 0.232813 0.062500 0.062500
0 0.677344 0.914844 0.092188 0.092188
0 0.875000 0.345313 0.062500 0.062500
0 0.632812 0.514062 0.068750 0.068750
0 0.770312 0.573438 0.031250 0.031250
