0 0.492969 0.147656 0.089063 0.089063
0 0.590625 0.210938 0.046875 0.046875
0 0.189844 0.458594 0.039062 0.039062
0 0.728125 0.487500 0.090625 0.090625
0 0.756250 0.370312 0.053125 0.053125
0 0.042188 0.473438 0.068750 0.068750
0 0.850781 0.292969 0.045312 0.045312
0 0.453906 0.963281 0.070312 0.070312
0 0.718750 0.037500 0.040625 0.040625
0 0.376563 0.831250 0.096875 0.096875
0 0.186719 0.841406 0.035937 0.035937
0 0.378125 0.473438 0.059375 0.059375
0 0.564063 0.515625 0.071875 0.071875
0 0.589063 0.359375 0.093750 0.093750
0 0.068750 0.200000 0.096875 0.096875
0 0.455469 0.414844 0.029687 0.029687
0 0.097656 0.289844 0.035937 0.035937
0 0.494531 0.749219 0.057813 0.057813
0 0.190625 0.717187 0.065625 0.065625
0 0.695312 0.778125 0.062500 0.062500
