0 0.678906 0.117969 0.057813 0.057813
0 0.671094 0.628906 0.067187 0.067187
0 0.068750 0.921875 0.078125 0.078125
0 0.463281 0.827344 0.085938 0.085938
0 0.771875 0.896875 0.068750 0.068750
0 0.405469 0.338281 0.070312 0.070312
0 0.118750 0.234375 0.090625 0.090625
0 0.852344 0.914844 0.067187 0.067187
0 0.252344 0.241406 0.092188 0.092188
0 0.084375 0.771875 0.078125 0.078125
0 0.645312 0.770312 0.053125 0.053125
0 0.691406 0.333594 0.060937 0.060937
0 0.833594 0.613281 0.092188 0.092188
0 0.366406 0.252344 0.089063 0.089063
0 0.331250 0.109375 0.078125 0.078125
0 0.883594 0.361719 0.042188 0.042188
