0 0.386719 0.353906 0.048438 0.048438
0 0.071094 0.157031 0.070312 0.070312
0 0.814063 0.698438 0.050000 0.050000
0 0.646094 0.763281 0.067187 0.067187
0 0.764062 0.828125 0.075000 0.075000
0 0.252344 0.086719 0.051562 0.051562
0 0.978906 0.408594 0.039062 0.039062
0 0.260156 0.599219 0.029687 0.029687
0 0.867969 0.114844 0.092188 0.092188
0 0.707812 0.246875 0.062500 0.062500
0 0.621094 0.096094 0.035937 0.035937
0 0.188281 0.714844 0.045312 0.045312
0 0.953125 0.895312 0.056250 0.056250
0 0.511719 0.446094 0.085938 0.085938
0 0.360156 0.496094 0.057813 0.057813
0 0.256250 0.668750 0.050000 0.050000
