0 0.343750 0.089063 0.090625 0.090625
0 0.782031 0.761719 0.076563 0.076563
0 0.809375 0.529687 0.078125 0.078125
0 0.421875 0.275000 0.043750 0.043750
0 0.820312 0.912500 0.034375 0.034375
0 0.907031 0.410156 0.042188 0.042188
0 0.446875 0.062500 0.071875 0.071875
0 0.265625 0.607812 0.043750 0.043750
0 0.948438 0.485938 0.078125 0.078125
0 0.689844 0.413281 0.042188 0.042188
0 0.166406 0.858594 0.035937 0.035937
0 0.410156 0.494531 0.060937 0.060937
0 0.164062 0.950000 0.053125 0.053125
0 0.848437 0.164062 0.034375 0.034375
0 0.092188 0.918750 0.065625 0.065625
