0 0.307031 0.871094 0.060937 0.060937
0 0.746875 0.782813 0.065625 0.065625
0 0.189844 0.235156 0.082812 0.082812
0 0.089844 0.283594 0.054688 0.054688
0 0.122656 0.866406 0.035937 0.035937
0 0.910937 0.109375 0.068750 0.068750
0 0.037500 0.592187 0.056250 0.056250
0 0.490625 0.048438 0.065625 0.065625
0 0.559375 0.768750 0.071875 0.071875
0 0.460938 0.484375 0.093750 0.093750
0 0.657031 0.850781 0.073438 0.073438
0 0.367969 0.632031 0.039062 0.039062
0 0.866406 0.817969 0.079687 0.079687
0 0.879687 0.484375 0.075000 0.075000
