0 0.196094 0.360156 0.045312 0.045312
0 0.420312 0.140625 0.084375 0.084375
0 0.817969 0.942969 0.079687 0.079687
0 0.648438 0.310937 0.053125 0.053125
0 0.585156 0.178906 0.082812 0.082812
0 0.945312 0.403125 0.090625 0.090625
0 0.860938 0.259375 0.034375 0.034375
0 0.088281 0.919531 0.060937 0.060937
0 0.936719 0.097656 0.029687 0.029687
0 0.576562 0.468750 0.065625 0.065625
0 0.866406 0.533594 0.060937 0.060937
0 0.360156 0.953906 0.089063 0.089063
0 0.327344 0.075781 0.032813 0.032813
0 0.573438 0.748437 0.078125 0.078125
