0 0.136719 0.307031 0.039062 0.039062
0 0.892188 0.357812 0.037500 0.037500
0 0.071094 0.410156 0.048438 0.048438
0 0.683594 0.888281 0.064062 0.064062
0 0.434375 0.745313 0.096875 0.096875
0 0.035156 0.932031 0.070312 0.070312
0 0.120313 0.728125 0.062500 0.062500
0 0.585156 0.591406 0.051562 0.051562
0 0.954688 0.729688 0.034375 0.034375
0 0.845313 0.573438 0.031250 0.031250
0 0.609375 0.153125 0.084375 0.084375
0 0.850781 0.846094 0.092188 0.092188
0 0.331250 0.403125 0.087500 0.087500
0 0.379688 0.196875 0.031250 0.031250
