0 0.250000 0.770312 0.059375 0.059375
0 0.746875 0.626563 0.031250 0.031250
0 0.603125 0.665625 0.059375 0.059375
0 0.714844 0.860156 0.085938 0.085938
0 0.397656 0.891406 0.073438 0.073438
0 0.336719 0.667969 0.098437 0.098437
0 0.633594 0.946094 0.042188 0.042188
0 0.059375 0.210938 0.084375 0.084375
0 0.908594 0.147656 0.054688 0.054688
0 0.235156 0.285156 0.073438 0.073438
0 0.677344 0.196094 0.064062 0.064062
0 0.475781 0.891406 0.079687 0.079687
0 0.026562 0.854688 0.043750 0.043750
0 0.364844 0.522656 0.054688 0.054688
