0 0.392969 0.277344 0.032813 0.032813
0 0.410938 0.079687 0.031250 0.031250
0 0.735938 0.320312 0.096875 0.096875
0 0.673438 0.432812 0.081250 0.081250
0 0.485156 0.428906 0.095312 0.095312
0 0.872656 0.871094 0.095312 0.095312
0 0.071094 0.110156 0.089063 0.089063
0 0.664844 0.557031 0.051562 0.051562
0 0.632812 0.071875 0.059375 0.059375
0 0.378906 0.691406 0.095312 0.095312
0 0.506250 0.754687 0.059375 0.059375
0 0.878125 0.612500 0.046875 0.046875
0 0.264062 0.840625 0.056250 0.056250
0 0.893750 0.332813 0.093750 0.093750
0 0.201563 0.129688 0.093750 0.093750
0 0.648438 0.706250 0.084375 0.084375
