0 0.847656 0.219531 0.054688 0.054688
0 0.175000 0.967187 0.050000 0.050000
0 0.896875 0.957812 0.053125 0.053125
0 0.553125 0.810937 0.068750 0.068750
0 0.771875 0.450000 0.053125 0.053125
0 0.483594 0.474219 0.045312 0.045312
0 0.915625 0.859375 0.037500 0.037500
0 0.328906 0.396094 0.089063 0.089063
0 0.268750 0.906250 0.037500 0.037500
0 0.181250 0.421875 0.056250 0.056250
0 0.064844 0.388281 0.051562 0.051562
0 0.882812 0.723437 0.087500 0.087500
0 0.908594 0.516406 0.098437 0.098437
0 0.710156 0.652344 0.073438 0.073438
0 0.778125 0.895312 0.081250 0.081250
0 0.228906 0.521094 0.070312 0.070312
0 0.049219 0.035156 0.067187 0.067187
0 0.867969 0.082031 0.057813 0.057813
0 0.342969 0.567969 0.098437 0.098437
0 0.292969 0.489844 0.048438 0.048438
