0 0.719531 0.789844 0.092188 0.092188
0 0.833594 0.891406 0.029687 0.029687
0 0.620313 0.404687 0.050000 0.050000
0 0.030469 0.066406 0.051562 0.051562
0 0.289062 0.360938 0.037500 0.037500
0 0.053906 0.421094 0.070312 0.070312
0 0.657031 0.307031 0.042188 0.042188
0 0.899219 0.530469 0.076563 0.076563
0 0.221094 0.550781 0.051562 0.051562
0 0.802344 0.282031 0.095312 0.095312
0 0.750781 0.180469 0.082812 0.082812
0 0.357031 0.183594 0.085938 0.085938
0 0.086719 0.507031 0.039062 0.039062
0 0.558594 0.253906 0.057813 0.057813
0 0.293750 0.500000 0.046875 0.046875
