0 0.434375 0.176563 0.065625 0.065625
0 0.512500 0.770312 0.093750 0.093750
0 0.725781 0.803906 0.079687 0.079687
0 0.245312 0.928125 0.071875 0.071875
0 0.478125 0.500000 0.068750 0.068750
0 0.789844 0.527344 0.039062 0.039062
0 0.135156 0.510156 0.035937 0.035937
0 0.597656 0.039844 0.073438 0.073438
0 0.639844 0.624219 0.064062 0.064062
0 0.280469 0.550781 0.073438 0.073438
0 0.142187 0.135937 0.034375 0.034375
0 0.621094 0.308594 0.076563 0.076563
0 0.321094 0.627344 0.054688 0.054688
0 0.726562 0.920312 0.062500 0.062500
0 0.397656 0.817969 0.089063 0.089063
0 0.589844 0.172656 0.092188 0.092188
0 0.807031 0.419531 0.067187 0.067187
0 0.899219 0.727344 0.082812 0.082812
0 0.044531 0.114844 0.082812 0.082812
0 0.787500 0.048438 0.093750 0.093750
