0 0.369531 0.177344 0.035937 0.035937
0 0.903125 0.948438 0.031250 0.031250
0 0.408594 0.542969 0.054688 0.054688
0 0.825000 0.403125 0.040625 0.040625
0 0.300000 0.870313 0.046875 0.046875
0 0.540625 0.951562 0.034375 0.034375
0 0.814844 0.172656 0.039062 0.039062
0 0.410156 0.427344 0.042188 0.042188
0 0.889062 0.793750 0.075000 0.075000
0 0.247656 0.660156 0.089063 0.089063
0 0.533594 0.694531 0.057813 0.057813
0 0.085156 0.961719 0.067187 0.067187
0 0.301563 0.495312 0.093750 0.093750
0 0.546875 0.348438 0.034375 0.034375
0 0.618750 0.731250 0.093750 0.093750
