0 0.621875 0.510938 0.059375 0.059375
0 0.797656 0.444531 0.029687 0.029687
0 0.430469 0.767969 0.039062 0.039062
0 0.124219 0.444531 0.095312 0.095312
0 0.261719 0.892969 0.029687 0.029687
0 0.616406 0.386719 0.029687 0.029687
0 0.073438 0.135937 0.078125 0.078125
0 0.673438 0.329688 0.031250 0.031250
0 0.117969 0.603906 0.057813 0.057813
0 0.228906 0.688281 0.029687 0.029687
0 0.316406 0.622656 0.064062 0.064062
0 0.532813 0.375000 0.034375 0.034375
0 0.080469 0.197656 0.032813 0.032813
0 0.488281 0.194531 0.029687 0.029687
0 0.507812 0.620313 0.084375 0.084375
0 0.583594 0.936719 0.064062 0.064062
0 0.317188 0.723437 0.046875 0.046875
0 0.486719 0.866406 0.054688 0.054688
0 0.898438 0.839063 0.056250 0.056250
