0 0.610938 0.278125 0.065625 0.065625
0 0.817969 0.944531 0.079687 0.079687
0 0.385937 0.606250 0.040625 0.040625
0 0.469531 0.102344 0.060937 0.060937
0 0.025781 0.274219 0.039062 0.039062
0 0.792188 0.092188 0.096875 0.096875
0 0.349219 0.167969 0.054688 0.054688
0 0.193750 0.081250 0.062500 0.062500
0 0.504687 0.245312 0.078125 0.078125
0 0.904687 0.196875 0.093750 0.093750
0 0.724219 0.922656 0.029687 0.029687
0 0.892969 0.928906 0.051562 0.051562
0 0.111719 0.889844 0.032813 0.032813
0 0.859375 0.832812 0.037500 0.037500
0 0.207813 0.384375 0.040625 0.040625
0 0.898438 0.078125 0.075000 0.075000
