0 0.601562 0.728125 0.043750 0.043750
0 0.343750 0.164062 0.078125 0.078125
0 0.332031 0.261719 0.032813 0.032813
0 0.836719 0.861719 0.070312 0.070312
0 0.519531 0.036719 0.067187 0.067187
0 0.415625 0.501563 0.037500 0.037500
0 0.357031 0.316406 0.029687 0.029687
0 0.747656 0.211719 0.042188 0.042188
0 0.897656 0.141406 0.073438 0.073438
0 0.942969 0.322656 0.035937 0.035937
0 0.697656 0.519531 0.054688 0.054688
0 0.343750 0.854688 0.081250 0.081250
0 0.549219 0.352344 0.042188 0.042188
0 0.880469 0.046094 0.064062 0.064062
