0 0.384375 0.848437 0.031250 0.031250
0 0.229687 0.368750 0.087500 0.087500
0 0.894531 0.592969 0.089063 0.089063
0 0.744531 0.480469 0.085938 0.085938
0 0.805469 0.210156 0.051562 0.051562
0 0.321875 0.381250 0.068750 0.068750
0 0.840625 0.145313 0.046875 0.046875
0 0.867188 0.456250 0.053125 0.053125
0 0.632812 0.542188 0.093750 0.093750
0 0.482031 0.266406 0.095312 0.095312
0 0.067187 0.806250 0.053125 0.053125
0 0.416406 0.932031 0.098437 0.098437
0 0.734375 0.373437 0.037500 0.037500
0 0.249219 0.722656 0.079687 0.079687
0 0.627344 0.110156 0.085938 0.085938
0 0.159375 0.576562 0.046875 0.046875
0 0.783594 0.611719 0.039062 0.039062
