0 0.935156 0.347656 0.073438 0.073438
0 0.304688 0.104688 0.062500 0.062500
0 0.431250 0.837500 0.075000 0.075000
0 0.764062 0.910937 0.050000 0.050000
0 0.653125 0.437500 0.093750 0.093750
0 0.905469 0.103906 0.054688 0.054688
0 0.834375 0.706250 0.065625 0.065625
0 0.495312 0.428125 0.050000 0.050000
0 0.191406 0.111719 0.060937 0.060937
0 0.629687 0.910937 0.093750 0.093750
0 0.892188 0.953125 0.084375 0.084375
0 0.388281 0.538281 0.051562 0.051562
0 0.110156 0.733594 0.057813 0.057813
0 0.920312 0.498437 0.087500 0.087500
0 0.750781 0.633594 0.039062 0.039062
0 0.789844 0.503906 0.035937 0.035937
0 0.588281 0.171094 0.051562 0.051562
0 0.797656 0.071094 0.042188 0.042188
0 0.163281 0.824219 0.042188 0.042188
