0 0.663281 0.774219 0.029687 0.029687
0 0.438281 0.163281 0.032813 0.032813
0 0.457031 0.652344 0.054688 0.054688
0 0.328906 0.107031 0.085938 0.085938
0 0.765625 0.925000 0.090625 0.090625
0 0.839844 0.196094 0.051562 0.051562
0 0.974219 0.357031 0.039062 0.039062
0 0.790625 0.456250 0.081250 0.081250
0 0.266406 0.789844 0.098437 0.098437
0 0.125000 0.039062 0.065625 0.065625
0 0.568750 0.637500 0.075000 0.075000
0 0.568750 0.901563 0.096875 0.096875
0 0.189062 0.700000 0.062500 0.062500
0 0.896875 0.604688 0.068750 0.068750
0 0.364063 0.560937 0.065625 0.065625
0 0.332031 0.357031 0.064062 0.064062
0 0.173437 0.515625 0.053125 0.053125
0 0.444531 0.955469 0.042188 0.042188
0 0.204687 0.943750 0.096875 0.096875
0 0.200781 0.080469 0.054688 0.054688
