0 0.437500 0.246875 0.087500 0.087500
0 0.382812 0.831250 0.056250 0.056250
0 0.353906 0.688281 0.073438 0.073438
0 0.578125 0.482812 0.040625 0.040625
0 0.732031 0.928906 0.032813 0.032813
0 0.882812 0.653125 0.040625 0.040625
0 0.265625 0.239063 0.056250 0.056250
0 0.964844 0.275781 0.032813 0.032813
0 0.275781 0.774219 0.054688 0.054688
0 0.759375 0.609375 0.084375 0.084375
0 0.650000 0.390625 0.040625 0.040625
0 0.913281 0.911719 0.073438 0.073438
0 0.228906 0.094531 0.032813 0.032813
0 0.511719 0.435156 0.032813 0.032813
0 0.160156 0.585156 0.092188 0.092188
