0 0.962500 0.429688 0.059375 0.059375
0 0.350781 0.763281 0.039062 0.039062
0 0.799219 0.513281 0.042188 0.042188
0 0.350781 0.864844 0.067187 0.067187
0 0.744531 0.308594 0.060937 0.060937
0 0.120313 0.809375 0.068750 0.068750
0 0.253125 0.293750 0.087500 0.087500
0 0.191406 0.228906 0.035937 0.035937
0 0.635156 0.628906 0.057813 0.057813
0 0.431250 0.487500 0.046875 0.046875
0 0.241406 0.950781 0.032813 0.032813
0 0.114062 0.145313 0.087500 0.087500
0 0.525781 0.533594 0.067187 0.067187
0 0.465625 0.639062 0.040625 0.040625
0 0.768750 0.693750 0.050000 0.050000
0 0.210156 0.725781 0.076563 0.076563
0 0.287500 0.403125 0.090625 0.090625
