0 0.269531 0.967969 0.057813 0.057813
0 0.463281 0.528906 0.048438 0.048438
0 0.278906 0.332031 0.092188 0.092188
0 0.453906 0.274219 0.092188 0.092188
0 0.970313 0.562500 0.053125 0.053125
0 0.385937 0.771875 0.034375 0.034375
0 0.325781 0.442969 0.042188 0.042188
0 0.460938 0.960938 0.034375 0.034375
0 0.906250 0.259375 0.078125 0.078125
0 0.768750 0.046875 0.034375 0.034375
0 0.139844 0.257031 0.067187 0.067187
0 0.489844 0.757031 0.064062 0.064062
0 0.856250 0.064062 0.068750 0.068750
0 0.948438 0.865625 0.050000 0.050000
0 0.185156 0.439844 0.098437 0.098437
0 0.549219 0.825781 0.057813 0.057813
0 0.762500 0.800000 0.043750 0.043750
