0 0.648438 0.632812 0.046875 0.046875
0 0.241406 0.510156 0.095312 0.095312
0 0.039844 0.396094 0.039062 0.039062
0 0.373437 0.114062 0.062500 0.062500
0 0.091406 0.525781 0.029687 0.029687
0 0.728906 0.721094 0.089063 0.089063
0 0.682031 0.210156 0.067187 0.067187
0 0.589063 0.420312 0.090625 0.090625
0 0.946875 0.848437 0.034375 0.034375
0 0.101562 0.759375 0.059375 0.059375
0 0.535937 0.165625 0.093750 0.093750
0 0.884375 0.242188 0.084375 0.084375
0 0.652344 0.867969 0.048438 0.048438
0 0.203906 0.814844 0.060937 0.060937
