0 0.807813 0.382812 0.018750 0.018750
0 0.578906 0.794531 0.085938 0.085938
0 0.128906 0.733594 0.089063 0.089063
0 0.667969 0.928906 0.035937 0.035937
0 0.571875 0.635938 0.078125 0.078125
0 0.712500 0.643750 0.075000 0.075000
0 0.153125 0.239063 0.084375 0.084375
0 0.956250 0.087500 0.050000 0.050000
0 0.117969 0.914844 0.048438 0.048438
0 0.030469 0.392969 0.039062 0.039062
0 0.193750 0.525000 0.034375 0.034375
0 0.654687 0.106250 0.068750 0.068750
0 0.377344 0.263281 0.089063 0.089063
0 0.935937 0.565625 0.050000 0.050000
0 0.379688 0.695312 0.087500 0.087500
0 0.290625 0.701562 0.056250 0.056250
0 0.043750 0.520312 0.062500 0.062500
0 0.885938 0.712500 0.093750 0.093750
