0 0.043750 0.064062 0.065625 0.065625
0 0.045312 0.821875 0.081250 0.081250
0 0.053906 0.458594 0.035937 0.035937
0 0.538281 0.492969 0.045312 0.045312
0 0.960938 0.287500 0.078125 0.078125
0 0.302344 0.374219 0.035937 0.035937
0 0.122656 0.561719 0.073438 0.073438
0 0.459375 0.667188 0.046875 0.046875
0 0.167187 0.867188 0.062500 0.062500
0 0.613281 0.933594 0.073438 0.073438
0 0.631250 0.129688 0.090625 0.090625
0 0.029687 0.890625 0.046875 0.046875
0 0.321875 0.248438 0.034375 0.034375
0 0.866406 0.858594 0.082812 0.082812
0 0.472656 0.332031 0.082812 0.082812
0 0.224219 0.594531 0.045312 0.045312
