0 0.440625 0.489063 0.084375 0.084375
0 0.279687 0.496875 0.059375 0.059375
0 0.437500 0.871875 0.096875 0.096875
0 0.887500 0.323437 0.034375 0.034375
0 0.778125 0.340625 0.087500 0.087500
0 0.458594 0.219531 0.064062 0.064062
0 0.616406 0.596094 0.054688 0.054688
0 0.064844 0.889844 0.082812 0.082812
0 0.335938 0.875000 0.087500 0.087500
0 0.073438 0.617188 0.040625 0.040625
0 0.528906 0.050781 0.076563 0.076563
0 0.577344 0.492969 0.042188 0.042188
0 0.132812 0.384375 0.071875 0.071875
0 0.907031 0.180469 0.095312 0.095312
0 0.687500 0.107813 0.031250 0.031250
0 0.309375 0.310937 0.065625 0.065625
0 0.518750 0.831250 0.034375 0.034375
0 0.277344 0.071094 0.067187 0.067187
0 0.236719 0.714844 0.070312 0.070312
