0 0.111719 0.939844 0.095312 0.095312
0 0.815625 0.867188 0.087500 0.087500
0 0.144531 0.702344 0.095312 0.095312
0 0.657031 0.353906 0.057813 0.057813
0 0.816406 0.263281 0.042188 0.042188
0 0.132812 0.600000 0.062500 0.062500
0 0.446094 0.232031 0.085938 0.085938
0 0.285938 0.101562 0.087500 0.087500
0 0.561719 0.750781 0.079687 0.079687
0 0.226562 0.543750 0.059375 0.059375
0 0.860938 0.617188 0.071875 0.071875
0 0.918750 0.729688 0.090625 0.090625
0 0.535156 0.833594 0.048438 0.048438
0 0.521875 0.487500 0.096875 0.096875
0 0.631250 0.442188 0.075000 0.075000
0 0.212500 0.912500 0.050000 0.050000
0 0.927344 0.191406 0.089063 0.089063
0 0.910156 0.332031 0.035937 0.035937
0 0.785156 0.411719 0.067187 0.067187
0 0.189844 0.280469 0.039062 0.039062
