0 0.103125 0.876563 0.043750 0.043750
0 0.385937 0.612500 0.059375 0.059375
0 0.728906 0.644531 0.095312 0.095312
0 0.114844 0.758594 0.032813 0.032813
0 0.817969 0.217969 0.039062 0.039062
0 0.925000 0.912500 0.075000 0.075000
0 0.844531 0.455469 0.089063 0.089063
0 0.560937 0.660937 0.056250 0.056250
0 0.628906 0.560156 0.067187 0.067187
0 0.406250 0.409375 0.034375 0.034375
0 0.800000 0.745313 0.056250 0.056250
0 0.155469 0.075781 0.089063 0.089063
0 0.110937 0.585938 0.043750 0.043750
0 0.829688 0.129688 0.068750 0.068750
0 0.183594 0.928906 0.060937 0.060937
0 0.708594 0.733594 0.045312 0.045312
0 0.096875 0.373437 0.068750 0.068750
0 0.028125 0.887500 0.056250 0.056250
