0 0.069531 0.867969 0.045312 0.045312
0 0.642188 0.548438 0.046875 0.046875
0 0.097656 0.597656 0.082812 0.082812
0 0.275000 0.718750 0.046875 0.046875
0 0.381250 0.635938 0.037500 0.037500
0 0.346875 0.493750 0.096875 0.096875
0 0.573438 0.065625 0.075000 0.075000
0 0.479687 0.732812 0.068750 0.068750
0 0.525000 0.417187 0.043750 0.043750
0 0.387500 0.678125 0.034375 0.034375
0 0.325000 0.320312 0.090625 0.090625
0 0.835156 0.289844 0.042188 0.042188
0 0.927344 0.611719 0.060937 0.060937
0 0.775781 0.063281 0.070312 0.070312
0 0.049219 0.321094 0.029687 0.029687
0 0.583594 0.814844 0.060937 0.060937
0 0.717187 0.770312 0.081250 0.081250
0 0.878125 0.748437 0.053125 0.053125
