0 0.662500 0.398438 0.090625 0.090625
0 0.182812 0.201563 0.043750 0.043750
0 0.825000 0.120313 0.090625 0.090625
0 0.547656 0.325781 0.042188 0.042188
0 0.569531 0.385156 0.048438 0.048438
0 0.631250 0.164062 0.050000 0.050000
0 0.857812 0.701562 0.031250 0.031250
0 0.406250 0.603125 0.046875 0.046875
0 0.467969 0.311719 0.092188 0.092188
0 0.567969 0.869531 0.042188 0.042188
0 0.113281 0.461719 0.098437 0.098437
0 0.342969 0.527344 0.085938 0.085938
0 0.056250 0.665625 0.087500 0.087500
0 0.650000 0.506250 0.031250 0.031250
0 0.294531 0.752344 0.057813 0.057813
0 0.061719 0.360156 0.045312 0.045312
0 0.917188 0.342187 0.056250 0.056250
0 0.370312 0.771875 0.050000 0.050000
0 0.205469 0.602344 0.089063 0.089063
