0 0.460938 0.579688 0.040625 0.040625
0 0.751563 0.273438 0.046875 0.046875
0 0.346875 0.504687 0.065625 0.065625
0 0.033594 0.708594 0.060937 0.060937
0 0.578125 0.910937 0.068750 0.068750
0 0.070312 0.162500 0.078125 0.078125
0 0.687500 0.448437 0.056250 0.056250
0 0.442969 0.157031 0.064062 0.064062
0 0.961719 0.130469 0.067187 0.067187
0 0.823438 0.671875 0.059375 0.059375
0 0.827344 0.299219 0.060937 0.060937
0 0.184375 0.610938 0.056250 0.056250
0 0.705469 0.836719 0.035937 0.035937
0 0.385156 0.755469 0.035937 0.035937
0 0.436719 0.371094 0.039062 0.039062
0 0.946094 0.716406 0.051562 0.051562
0 0.442969 0.778906 0.064062 0.064062
