0 0.176563 0.428125 0.096875 0.096875
0 0.385156 0.160156 0.085938 0.085938
0 0.630469 0.233594 0.057813 0.057813
0 0.732031 0.585156 0.089063 0.089063
0 0.746875 0.051562 0.053125 0.053125
0 0.089844 0.699219 0.045312 0.045312
0 0.050781 0.117969 0.073438 0.073438
0 0.701562 0.282813 0.050000 0.050000
0 0.245312 0.715625 0.046875 0.046875
0 0.525000 0.703125 0.053125 0.053125
0 0.871094 0.827344 0.042188 0.042188
0 0.267969 0.792969 0.073438 0.073438
0 0.568750 0.554688 0.056250 0.056250
0 0.847656 0.738281 0.064062 0.064062
0 0.712500 0.412500 0.037500 0.037500
0 0.487500 0.042188 0.056250 0.056250
0 0.546875 0.926562 0.031250 0.031250
0 0.818750 0.509375 0.062500 0.062500
0 0.310937 0.051562 0.046875 0.046875
