0 0.527344 0.455469 0.098437 0.098437
0 0.155469 0.777344 0.029687 0.029687
0 0.490625 0.926562 0.050000 0.050000
0 0.853125 0.025000 0.040625 0.040625
0 0.551562 0.350000 0.043750 0.043750
0 0.867188 0.717187 0.096875 0.096875
0 0.546094 0.758594 0.057813 0.057813
0 0.196875 0.171875 0.068750 0.068750
0 0.250000 0.325000 0.090625 0.090625
0 0.127344 0.327344 0.054688 0.054688
0 0.408594 0.663281 0.032813 0.032813
0 0.911719 0.813281 0.082812 0.082812
0 0.232813 0.607812 0.040625 0.040625
0 0.390625 0.845313 0.037500 0.037500
0 0.114844 0.447656 0.057813 0.057813
0 0.844531 0.396094 0.064062 0.064062
0 0.446094 0.442969 0.035937 0.035937
