0 0.142969 0.266406 0.070312 0.070312
0 0.703906 0.252344 0.035937 0.035937
0 0.524219 0.122656 0.042188 0.042188
0 0.235937 0.189062 0.050000 0.050000
0 0.738281 0.852344 0.070312 0.070312
0 0.570312 0.462500 0.096875 0.096875
0 0.021875 0.370312 0.031250 0.031250
0 0.355469 0.464844 0.051562 0.051562
0 0.051562 0.217188 0.031250 0.031250
0 0.650781 0.664844 0.067187 0.067187
0 0.840625 0.553125 0.071875 0.071875
0 0.429688 0.735938 0.056250 0.056250
0 0.055469 0.902344 0.029687 0.029687
0 0.417187 0.545312 0.053125 0.053125
0 0.381250 0.270313 0.065625 0.065625
0 0.791406 0.117969 0.085938 0.085938
0 0.285156 0.894531 0.057813 0.057813
0 0.765625 0.401562 0.046875 0.046875
