0 0.828906 0.486719 0.085938 0.085938
0 0.619531 0.063281 0.032813 0.032813
0 0.114844 0.924219 0.082812 0.082812
0 0.571875 0.496875 0.062500 0.062500
0 0.136719 0.135156 0.051562 0.051562
0 0.496094 0.453906 0.070312 0.070312
0 0.114844 0.497656 0.035937 0.035937
0 0.825000 0.184375 0.040625 0.040625
0 0.427344 0.233594 0.045312 0.045312
0 0.050000 0.781250 0.040625 0.040625
0 0.196094 0.503906 0.095312 0.095312
0 0.421094 0.100781 0.098437 0.098437
0 0.830469 0.664844 0.098437 0.098437
0 0.921094 0.322656 0.039062 0.039062
0 0.636719 0.917969 0.054688 0.054688
