0 0.725781 0.772656 0.054688 0.054688
0 0.293750 0.460938 0.071875 0.071875
0 0.930469 0.457031 0.098437 0.098437
0 0.354687 0.151562 0.034375 0.034375
0 0.335938 0.625000 0.040625 0.040625
0 0.485156 0.650781 0.092188 0.092188
0 0.878906 0.586719 0.067187 0.067187
0 0.393750 0.285938 0.040625 0.040625
0 0.122656 0.402344 0.032813 0.032813
0 0.582031 0.363281 0.082812 0.082812
0 0.824219 0.953906 0.042188 0.042188
0 0.732031 0.078906 0.079687 0.079687
0 0.810156 0.085156 0.032813 0.032813
0 0.577344 0.608594 0.076563 0.076563
0 0.547656 0.921094 0.045312 0.045312
0 0.738281 0.482031 0.045312 0.045312
0 0.929688 0.337500 0.034375 0.034375
0 0.646094 0.461719 0.057813 0.057813
0 0.947656 0.814844 0.085938 0.085938
