0 0.398438 0.709375 0.093750 0.093750
0 0.414062 0.067187 0.093750 0.093750
0 0.066406 0.280469 0.039062 0.039062
0 0.740625 0.260937 0.043750 0.043750
0 0.902344 0.572656 0.064062 0.064062
0 0.590625 0.773438 0.053125 0.053125
0 0.464062 0.959375 0.075000 0.075000
0 0.128906 0.057031 0.035937 0.035937
0 0.371875 0.309375 0.096875 0.096875
0 0.673438 0.896875 0.046875 0.046875
0 0.254688 0.973437 0.031250 0.031250
0 0.142969 0.283594 0.064062 0.064062
0 0.530469 0.796094 0.032813 0.032813
0 0.774219 0.064844 0.048438 0.048438
0 0.128906 0.696094 0.032813 0.032813
0 0.833594 0.786719 0.035937 0.035937
0 0.548438 0.292187 0.090625 0.090625
0 0.134375 0.131250 0.093750 0.093750
0 0.528906 0.655469 0.032813 0.032813
0 0.460156 0.396094 0.029687 0.029687
