0 0.539844 0.188281 0.039062 0.039062
0 0.926562 0.509375 0.084375 0.084375
0 0.119531 0.338281 0.089063 0.089063
0 0.754687 0.576562 0.081250 0.081250
0 0.346875 0.101562 0.053125 0.053125
0 0.726562 0.185938 0.078125 0.078125
0 0.453125 0.090625 0.071875 0.071875
0 0.515625 0.792188 0.084375 0.084375
0 0.366406 0.899219 0.035937 0.035937
0 0.843750 0.053125 0.050000 0.050000
0 0.501563 0.345313 0.071875 0.071875
0 0.886719 0.342969 0.060937 0.060937
0 0.848437 0.228125 0.068750 0.068750
0 0.855469 0.396094 0.039062 0.039062
0 0.808594 0.766406 0.048438 0.048438
0 0.310156 0.938281 0.057813 0.057813
0 0.169531 0.817969 0.051562 0.051562
0 0.700000 0.435937 0.096875 0.096875
0 0.389062 0.309375 0.031250 0.031250
