0 0.542188 0.240625 0.046875 0.046875
0 0.073438 0.881250 0.081250 0.081250
0 0.861719 0.196094 0.039062 0.039062
0 0.660156 0.658594 0.067187 0.067187
0 0.550781 0.857031 0.070312 0.070312
0 0.827344 0.047656 0.045312 0.045312
0 0.803906 0.599219 0.089063 0.089063
0 0.824219 0.467969 0.073438 0.073438
0 0.567969 0.757031 0.085938 0.085938
0 0.400781 0.413281 0.045312 0.045312
0 0.558594 0.092969 0.067187 0.067187
0 0.290625 0.298438 0.034375 0.034375
0 0.081250 0.525000 0.068750 0.068750
0 0.299219 0.611719 0.089063 0.089063
0 0.197656 0.085156 0.067187 0.067187
0 0.389062 0.346875 0.031250 0.031250
0 0.447656 0.130469 0.042188 0.042188
