0 0.360156 0.282031 0.042188 0.042188
0 0.772656 0.753906 0.082812 0.082812
0 0.692187 0.821875 0.068750 0.068750
0 0.342969 0.021094 0.032813 0.032813
0 0.517969 0.630469 0.042188 0.042188
0 0.778906 0.257031 0.082812 0.082812
0 0.615625 0.225000 0.068750 0.068750
0 0.139844 0.603906 0.039062 0.039062
0 0.295312 0.942187 0.031250 0.031250
0 0.220312 0.025000 0.037500 0.037500
0 0.895312 0.376563 0.071875 0.071875
0 0.188281 0.794531 0.095312 0.095312
0 0.896875 0.637500 0.096875 0.096875
0 0.285938 0.275000 0.040625 0.040625
0 0.884375 0.745313 0.065625 0.065625
0 0.953125 0.432812 0.034375 0.034375
0 0.314063 0.675000 0.062500 0.062500
0 0.057031 0.728906 0.064062 0.064062
0 0.710156 0.602344 0.045312 0.045312
