0 0.612500 0.751563 0.096875 0.096875
0 0.275781 0.150781 0.092188 0.092188
0 0.277344 0.596094 0.054688 0.054688
0 0.465625 0.462500 0.056250 0.056250
0 0.885938 0.078125 0.062500 0.062500
0 0.399219 0.853906 0.067187 0.067187
0 0.506250 0.839063 0.081250 0.081250
0 0.577344 0.641406 0.054688 0.054688
0 0.510938 0.596875 0.040625 0.040625
0 0.178906 0.324219 0.045312 0.045312
0 0.425000 0.670312 0.050000 0.050000
0 0.361719 0.253906 0.042188 0.042188
0 0.711719 0.522656 0.039062 0.039062
0 0.664062 0.392188 0.062500 0.062500
0 0.778125 0.104688 0.037500 0.037500
0 0.457813 0.121875 0.090625 0.090625
0 0.761719 0.169531 0.042188 0.042188
