0 0.426563 0.350000 0.065625 0.065625
0 0.896875 0.504687 0.037500 0.037500
0 0.506250 0.707812 0.046875 0.046875
0 0.763281 0.586719 0.076563 0.076563
0 0.293750 0.632812 0.096875 0.096875
0 0.608594 0.060156 0.035937 0.035937
0 0.726562 0.723437 0.075000 0.075000
0 0.580469 0.591406 0.098437 0.098437
0 0.699219 0.838281 0.035937 0.035937
0 0.142187 0.150000 0.034375 0.034375
0 0.857812 0.632812 0.040625 0.040625
0 0.129688 0.654687 0.090625 0.090625
0 0.917188 0.687500 0.053125 0.053125
0 0.603125 0.510938 0.040625 0.040625
0 0.912500 0.356250 0.056250 0.056250
0 0.150781 0.557031 0.067187 0.067187
0 0.077344 0.082031 0.064062 0.064062
