0 0.581250 0.459375 0.078125 0.078125
0 0.317188 0.114062 0.046875 0.046875
0 0.188281 0.749219 0.085938 0.085938
0 0.071094 0.828906 0.057813 0.057813
0 0.205469 0.208594 0.095312 0.095312
0 0.701562 0.892188 0.090625 0.090625
0 0.564063 0.840625 0.034375 0.034375
0 0.675781 0.130469 0.085938 0.085938
0 0.117188 0.646875 0.071875 0.071875
0 0.886719 0.900781 0.032813 0.032813
0 0.928906 0.424219 0.073438 0.073438
0 0.758594 0.233594 0.060937 0.060937
0 0.395313 0.226562 0.062500 0.062500
0 0.665625 0.493750 0.059375 0.059375
0 0.756250 0.140625 0.040625 0.040625
0 0.085156 0.300781 0.092188 0.092188
0 0.405469 0.155469 0.035937 0.035937
0 0.179688 0.503125 0.046875 0.046875
