0 0.835938 0.064062 0.056250 0.056250
0 0.383594 0.192969 0.085938 0.085938
0 0.419531 0.474219 0.095312 0.095312
0 0.770312 0.576562 0.059375 0.059375
0 0.763281 0.464844 0.064062 0.064062
0 0.401562 0.393750 0.062500 0.062500
0 0.831250 0.939063 0.037500 0.037500
0 0.753125 0.207813 0.093750 0.093750
0 0.561719 0.592969 0.039062 0.039062
0 0.076563 0.456250 0.062500 0.062500
0 0.140625 0.381250 0.078125 0.078125
0 0.550781 0.089844 0.029687 0.029687
0 0.792969 0.397656 0.067187 0.067187
0 0.917969 0.691406 0.089063 0.089063
0 0.129688 0.289062 0.065625 0.065625
