0 0.581250 0.093750 0.084375 0.084375
0 0.242188 0.818750 0.040625 0.040625
0 0.481250 0.720313 0.031250 0.031250
0 0.391406 0.121094 0.048438 0.048438
0 0.658594 0.236719 0.070312 0.070312
0 0.703906 0.074219 0.095312 0.095312
0 0.103906 0.285156 0.098437 0.098437
0 0.846875 0.250000 0.093750 0.093750
0 0.191406 0.592969 0.085938 0.085938
0 0.480469 0.863281 0.035937 0.035937
0 0.516406 0.361719 0.060937 0.060937
0 0.440625 0.770312 0.050000 0.050000
0 0.460938 0.548438 0.093750 0.093750
0 0.662500 0.851562 0.096875 0.096875
0 0.821875 0.079687 0.053125 0.053125
0 0.932813 0.232813 0.050000 0.050000
0 0.560937 0.740625 0.096875 0.096875
0 0.763281 0.166406 0.057813 0.057813
0 0.900781 0.964844 0.032813 0.032813
