0 0.896875 0.807813 0.087500 0.087500
0 0.487500 0.770312 0.050000 0.050000
0 0.664062 0.657813 0.062500 0.062500
0 0.516406 0.461719 0.067187 0.067187
0 0.585938 0.737500 0.059375 0.059375
0 0.670312 0.435937 0.071875 0.071875
0 0.127344 0.314844 0.073438 0.073438
0 0.275000 0.515625 0.062500 0.062500
0 0.344531 0.303906 0.029687 0.029687
0 0.674219 0.158594 0.089063 0.089063
0 0.691406 0.341406 0.089063 0.089063
0 0.551562 0.651563 0.065625 0.065625
0 0.092188 0.700000 0.090625 0.090625
0 0.021094 0.483594 0.039062 0.039062
0 0.408594 0.299219 0.073438 0.073438
0 0.286719 0.952344 0.092188 0.092188
0 0.450000 0.093750 0.043750 0.043750
0 0.373437 0.096875 0.034375 0.034375
