0 0.950781 0.488281 0.057813 0.057813
0 0.910937 0.217188 0.062500 0.062500
0 0.200781 0.125781 0.092188 0.092188
0 0.539844 0.189844 0.079687 0.079687
0 0.642188 0.525000 0.096875 0.096875
0 0.775781 0.602344 0.035937 0.035937
0 0.783594 0.838281 0.067187 0.067187
0 0.803906 0.667969 0.064062 0.064062
0 0.057813 0.300000 0.084375 0.084375
0 0.569531 0.647656 0.089063 0.089063
0 0.439844 0.505469 0.035937 0.035937
0 0.629687 0.318750 0.065625 0.065625
0 0.828125 0.551562 0.034375 0.034375
0 0.121094 0.022656 0.035937 0.035937
0 0.777344 0.085156 0.067187 0.067187
