0 0.319531 0.888281 0.085938 0.085938
0 0.868750 0.110937 0.087500 0.087500
0 0.855469 0.205469 0.035937 0.035937
0 0.176563 0.279687 0.056250 0.056250
0 0.826562 0.042188 0.037500 0.037500
0 0.697656 0.317969 0.092188 0.092188
0 0.073438 0.717187 0.071875 0.071875
0 0.239063 0.357812 0.056250 0.056250
0 0.573438 0.065625 0.075000 0.075000
0 0.206250 0.206250 0.053125 0.053125
0 0.432812 0.510938 0.093750 0.093750
0 0.812500 0.926562 0.037500 0.037500
0 0.799219 0.774219 0.095312 0.095312
0 0.064844 0.128906 0.092188 0.092188
0 0.441406 0.136719 0.070312 0.070312
0 0.144531 0.171094 0.054688 0.054688
0 0.135156 0.355469 0.035937 0.035937
0 0.754687 0.415625 0.081250 0.081250
0 0.679688 0.696875 0.090625 0.090625
