0 0.599219 0.208594 0.085938 0.085938
0 0.059375 0.750000 0.046875 0.046875
0 0.802344 0.575781 0.079687 0.079687
0 0.866406 0.441406 0.070312 0.070312
0 0.089063 0.614062 0.071875 0.071875
0 0.749219 0.053906 0.039062 0.039062
0 0.726562 0.428125 0.062500 0.062500
0 0.269531 0.403906 0.042188 0.042188
0 0.738281 0.739844 0.035937 0.035937
0 0.950000 0.600000 0.075000 0.075000
0 0.517188 0.628125 0.071875 0.071875
0 0.444531 0.953906 0.051562 0.051562
0 0.837500 0.739062 0.037500 0.037500
0 0.341406 0.053906 0.082812 0.082812
