0 0.335156 0.442969 0.051562 0.051562
0 0.035937 0.229687 0.050000 0.050000
0 0.364063 0.551562 0.090625 0.090625
0 0.289844 0.378906 0.045312 0.045312
0 0.279687 0.240625 0.081250 0.081250
0 0.104688 0.507812 0.090625 0.090625
0 0.320312 0.960938 0.034375 0.034375
0 0.141406 0.616406 0.048438 0.048438
0 0.814844 0.117969 0.085938 0.085938
0 0.775000 0.587500 0.096875 0.096875
0 0.530469 0.671094 0.054688 0.054688
0 0.950000 0.848437 0.059375 0.059375
0 0.616406 0.566406 0.092188 0.092188
0 0.147656 0.722656 0.082812 0.082812
0 0.808594 0.419531 0.045312 0.045312
0 0.618750 0.926562 0.031250 0.031250
0 0.382031 0.191406 0.073438 0.073438
