0 0.168750 0.329688 0.059375 0.059375
0 0.828125 0.468750 0.075000 0.075000
0 0.207031 0.696094 0.032813 0.032813
0 0.324219 0.575781 0.085938 0.085938
0 0.735156 0.250781 0.098437 0.098437
0 0.140625 0.784375 0.043750 0.043750
0 0.272656 0.196094 0.092188 0.092188
0 0.554688 0.107813 0.056250 0.056250
0 0.938281 0.602344 0.048438 0.048438
0 0.524219 0.614844 0.070312 0.070312
0 0.789844 0.763281 0.045312 0.045312
0 0.495312 0.754687 0.031250 0.031250
0 0.679688 0.342187 0.078125 0.078125
0 0.037500 0.550000 0.043750 0.043750
0 0.196094 0.827344 0.060937 0.060937
