0 0.305469 0.450781 0.067187 0.067187
0 0.951562 0.168750 0.084375 0.084375
0 0.264844 0.597656 0.082812 0.082812
0 0.371875 0.478125 0.031250 0.031250
0 0.314844 0.230469 0.098437 0.098437
0 0.363281 0.866406 0.070312 0.070312
0 0.974219 0.625781 0.048438 0.048438
0 0.963281 0.044531 0.064062 0.064062
0 0.851562 0.418750 0.043750 0.043750
0 0.283594 0.863281 0.057813 0.057813
0 0.302344 0.128906 0.064062 0.064062
0 0.929688 0.276562 0.031250 0.031250
0 0.693750 0.392188 0.093750 0.093750
0 0.796875 0.668750 0.037500 0.037500
0 0.261719 0.722656 0.085938 0.085938
