0 0.450781 0.941406 0.092188 0.092188
0 0.088281 0.272656 0.076563 0.076563
0 0.117969 0.347656 0.054688 0.054688
0 0.778906 0.961719 0.032813 0.032813
0 0.898438 0.201563 0.084375 0.084375
0 0.596875 0.368750 0.059375 0.059375
0 0.296875 0.659375 0.068750 0.068750
0 0.311719 0.217969 0.060937 0.060937
0 0.250000 0.464062 0.046875 0.046875
0 0.235156 0.239844 0.064062 0.064062
0 0.766406 0.550781 0.098437 0.098437
0 0.042188 0.967187 0.043750 0.043750
0 0.192969 0.746094 0.064062 0.064062
0 0.538281 0.792969 0.064062 0.064062
