0 0.207031 0.539844 0.079687 0.079687
0 0.896094 0.605469 0.045312 0.045312
0 0.117969 0.642969 0.057813 0.057813
0 0.976562 0.171875 0.031250 0.031250
0 0.029687 0.796875 0.053125 0.053125
0 0.601562 0.103125 0.031250 0.031250
0 0.322656 0.141406 0.079687 0.079687
0 0.416406 0.246094 0.057813 0.057813
0 0.096875 0.176563 0.040625 0.040625
0 0.056250 0.051562 0.050000 0.050000
0 0.524219 0.842969 0.029687 0.029687
0 0.203125 0.625000 0.034375 0.034375
0 0.094531 0.369531 0.035937 0.035937
0 0.458594 0.861719 0.095312 0.095312
0 0.564844 0.563281 0.082812 0.082812
0 0.516406 0.071094 0.054688 0.054688
0 0.694531 0.394531 0.079687 0.079687
