0 0.360938 0.123438 0.071875 0.071875
0 0.760156 0.863281 0.098437 0.098437
0 0.050000 0.312500 0.037500 0.037500
0 0.385156 0.449219 0.098437 0.098437
0 0.941406 0.133594 0.051562 0.051562
0 0.629687 0.840625 0.065625 0.065625
0 0.047656 0.019531 0.035937 0.035937
0 0.196875 0.695312 0.053125 0.053125
0 0.679688 0.256250 0.093750 0.093750
0 0.318750 0.793750 0.087500 0.087500
0 0.529687 0.187500 0.034375 0.034375
0 0.108594 0.232031 0.089063 0.089063
0 0.517188 0.095312 0.068750 0.068750
0 0.482812 0.284375 0.093750 0.093750
