0 0.064062 0.806250 0.037500 0.037500
0 0.648438 0.117188 0.087500 0.087500
0 0.490625 0.512500 0.050000 0.050000
0 0.632031 0.666406 0.079687 0.079687
0 0.153125 0.875000 0.081250 0.081250
0 0.540625 0.710938 0.053125 0.053125
0 0.347656 0.135156 0.051562 0.051562
0 0.532031 0.610156 0.029687 0.029687
0 0.794531 0.149219 0.045312 0.045312
0 0.421094 0.355469 0.067187 0.067187
0 0.137500 0.675000 0.093750 0.093750
0 0.142187 0.193750 0.046875 0.046875
0 0.917969 0.542969 0.029687 0.029687
0 0.416406 0.550781 0.085938 0.085938
0 0.907813 0.737500 0.043750 0.043750
0 0.455469 0.092969 0.089063 0.089063
0 0.523438 0.857812 0.040625 0.040625
0 0.703125 0.490625 0.031250 0.031250
0 0.233594 0.124219 0.092188 0.092188
0 0.857031 0.697656 0.045312 0.045312
