0 0.845313 0.312500 0.075000 0.075000
0 0.923438 0.720313 0.093750 0.093750
0 0.471094 0.792969 0.092188 0.092188
0 0.714844 0.652344 0.070312 0.070312
0 0.608594 0.097656 0.057813 0.057813
0 0.794531 0.910156 0.073438 0.073438
0 0.485156 0.544531 0.098437 0.098437
0 0.056250 0.042188 0.084375 0.084375
0 0.650000 0.935937 0.043750 0.043750
0 0.604688 0.401562 0.078125 0.078125
0 0.790625 0.154688 0.096875 0.096875
0 0.279687 0.309375 0.096875 0.096875
0 0.842187 0.051562 0.043750 0.043750
0 0.495312 0.437500 0.056250 0.056250
0 0.375781 0.361719 0.054688 0.054688
0 0.334375 0.081250 0.065625 0.065625
0 0.169531 0.283594 0.051562 0.051562
