0 0.699219 0.883594 0.064062 0.064062
0 0.789844 0.436719 0.082812 0.082812
0 0.660937 0.110937 0.068750 0.068750
0 0.287500 0.606250 0.093750 0.093750
0 0.867969 0.744531 0.098437 0.098437
0 0.113281 0.644531 0.089063 0.089063
0 0.258594 0.775781 0.032813 0.032813
0 0.335156 0.778906 0.098437 0.098437
0 0.390625 0.145313 0.043750 0.043750
0 0.556250 0.946875 0.040625 0.040625
0 0.235937 0.229687 0.084375 0.084375
0 0.147656 0.191406 0.054688 0.054688
0 0.717969 0.035156 0.035937 0.035937
0 0.607031 0.144531 0.035937 0.035937
