0 0.546875 0.743750 0.090625 0.090625
0 0.889062 0.467187 0.046875 0.046875
0 0.546875 0.893750 0.040625 0.040625
0 0.239063 0.675000 0.075000 0.075000
0 0.459375 0.426563 0.040625 0.040625
0 0.894531 0.885156 0.067187 0.067187
0 0.188281 0.291406 0.064062 0.064062
0 0.311719 0.060156 0.082812 0.082812
0 0.078125 0.875000 0.062500 0.062500
0 0.687500 0.887500 0.078125 0.078125
0 0.222656 0.374219 0.095312 0.095312
0 0.258594 0.532031 0.092188 0.092188
0 0.440625 0.232813 0.087500 0.087500
0 0.935937 0.357812 0.075000 0.075000
0 0.725000 0.028125 0.034375 0.034375
0 0.406250 0.135937 0.071875 0.071875
