0 0.527344 0.602344 0.035937 0.035937
0 0.632031 0.142969 0.073438 0.073438
0 0.800781 0.071094 0.054688 0.054688
0 0.681250 0.860938 0.053125 0.053125
0 0.767188 0.907813 0.046875 0.046875
0 0.457031 0.517969 0.051562 0.051562
0 0.554688 0.107813 0.031250 0.031250
0 0.303906 0.608594 0.039062 0.039062
0 0.728906 0.666406 0.082812 0.082812
0 0.338281 0.086719 0.039062 0.039062
0 0.965625 0.164062 0.046875 0.046875
0 0.896875 0.779687 0.081250 0.081250
0 0.292969 0.880469 0.073438 0.073438
0 0.171875 0.443750 0.084375 0.084375
0 0.565625 0.432812 0.059375 0.059375
