0 0.540625 0.573438 0.043750 0.043750
0 0.656250 0.209375 0.034375 0.034375
0 0.772656 0.813281 0.032813 0.032813
0 0.354687 0.635938 0.043750 0.043750
0 0.305469 0.791406 0.095312 0.095312
0 0.772656 0.511719 0.070312 0.070312
0 0.966406 0.175781 0.048438 0.048438
0 0.624219 0.553906 0.092188 0.092188
0 0.063281 0.388281 0.098437 0.098437
0 0.395313 0.725000 0.068750 0.068750
0 0.725000 0.307812 0.056250 0.056250
0 0.551562 0.390625 0.090625 0.090625
0 0.247656 0.302344 0.070312 0.070312
0 0.955469 0.774219 0.064062 0.064062
0 0.259375 0.040625 0.071875 0.071875
