0 0.926562 0.296875 0.040625 0.040625
0 0.163281 0.636719 0.070312 0.070312
0 0.347656 0.388281 0.070312 0.070312
0 0.217969 0.789844 0.064062 0.064062
0 0.636719 0.182031 0.089063 0.089063
0 0.699219 0.625781 0.045312 0.045312
0 0.409375 0.306250 0.053125 0.053125
0 0.889844 0.480469 0.079687 0.079687
0 0.883594 0.141406 0.060937 0.060937
0 0.533594 0.205469 0.048438 0.048438
0 0.355469 0.857031 0.057813 0.057813
0 0.133594 0.772656 0.073438 0.073438
0 0.210156 0.091406 0.032813 0.032813
0 0.810937 0.046875 0.046875 0.046875
0 0.058594 0.669531 0.054688 0.054688
0 0.299219 0.233594 0.092188 0.092188
