0 0.212500 0.945312 0.050000 0.050000
0 0.101562 0.646875 0.090625 0.090625
0 0.301563 0.931250 0.034375 0.034375
0 0.738281 0.785156 0.085938 0.085938
0 0.772656 0.213281 0.054688 0.054688
0 0.976562 0.754687 0.034375 0.034375
0 0.103906 0.835156 0.067187 0.067187
0 0.112500 0.909375 0.037500 0.037500
0 0.471094 0.746094 0.051562 0.051562
0 0.741406 0.622656 0.048438 0.048438
0 0.439844 0.549219 0.060937 0.060937
0 0.735156 0.930469 0.098437 0.098437
0 0.884375 0.078125 0.062500 0.062500
0 0.401562 0.017188 0.034375 0.034375
0 0.815625 0.425000 0.068750 0.068750
