0 0.059375 0.534375 0.084375 0.084375
0 0.927344 0.942969 0.042188 0.042188
0 0.561719 0.949219 0.051562 0.051562
0 0.477344 0.778906 0.073438 0.073438
0 0.937500 0.703125 0.071875 0.071875
0 0.902344 0.296094 0.089063 0.089063
0 0.308594 0.946094 0.085938 0.085938
0 0.554688 0.225000 0.046875 0.046875
0 0.192188 0.187500 0.046875 0.046875
0 0.699219 0.219531 0.032813 0.032813
0 0.379688 0.287500 0.053125 0.053125
0 0.538281 0.036719 0.035937 0.035937
0 0.408594 0.080469 0.032813 0.032813
0 0.062500 0.226562 0.050000 0.050000
0 0.410156 0.877344 0.076563 0.076563
0 0.556250 0.140625 0.043750 0.043750
0 0.882812 0.595313 0.065625 0.065625
