0 0.885938 0.826562 0.065625 0.065625
0 0.425781 0.108594 0.064062 0.064062
0 0.876563 0.712500 0.084375 0.084375
0 0.482031 0.869531 0.032813 0.032813
0 0.046094 0.319531 0.057813 0.057813
0 0.256250 0.626563 0.075000 0.075000
0 0.859375 0.050000 0.056250 0.056250
0 0.421875 0.782813 0.046875 0.046875
0 0.744531 0.567969 0.073438 0.073438
0 0.610938 0.789062 0.081250 0.081250
0 0.117969 0.703906 0.089063 0.089063
0 0.557031 0.197656 0.042188 0.042188
0 0.557031 0.392969 0.085938 0.085938
0 0.269531 0.094531 0.070312 0.070312
0 0.887500 0.204687 0.065625 0.065625
0 0.331250 0.432812 0.081250 0.081250
0 0.178906 0.335156 0.039062 0.039062
0 0.627344 0.211719 0.095312 0.095312
0 0.127344 0.400781 0.089063 0.089063
