0 0.793750 0.235937 0.034375 0.034375
0 0.075781 0.939844 0.089063 0.089063
0 0.150781 0.885156 0.039062 0.039062
0 0.321094 0.260156 0.042188 0.042188
0 0.514062 0.085938 0.090625 0.090625
0 0.896875 0.729688 0.040625 0.040625
0 0.271094 0.697656 0.098437 0.098437
0 0.462500 0.420312 0.040625 0.040625
0 0.680469 0.646094 0.064062 0.064062
0 0.631250 0.118750 0.075000 0.075000
0 0.869531 0.928906 0.082812 0.082812
0 0.796875 0.406250 0.031250 0.031250
0 0.598437 0.887500 0.081250 0.081250
0 0.054688 0.070312 0.037500 0.037500
0 0.803906 0.777344 0.095312 0.095312
0 0.939063 0.915625 0.031250 0.031250
0 0.241406 0.167969 0.079687 0.079687
0 0.467969 0.694531 0.070312 0.070312
0 0.211719 0.303906 0.095312 0.095312
0 0.384375 0.420312 0.084375 0.084375
