0 0.731250 0.898438 0.065625 0.065625
0 0.818750 0.482812 0.062500 0.062500
0 0.719531 0.557031 0.067187 0.067187
0 0.055469 0.302344 0.029687 0.029687
0 0.510938 0.212500 0.050000 0.050000
0 0.632031 0.483594 0.057813 0.057813
0 0.158594 0.725781 0.076563 0.076563
0 0.032031 0.247656 0.060937 0.060937
0 0.858594 0.874219 0.029687 0.029687
0 0.907813 0.698438 0.068750 0.068750
0 0.833594 0.363281 0.085938 0.085938
0 0.776563 0.698438 0.040625 0.040625
0 0.950000 0.423438 0.081250 0.081250
0 0.639844 0.316406 0.064062 0.064062
0 0.117969 0.608594 0.045312 0.045312
0 0.132812 0.187500 0.078125 0.078125
0 0.646875 0.901563 0.078125 0.078125
0 0.384375 0.937500 0.090625 0.090625
0 0.717187 0.231250 0.087500 0.087500
0 0.496875 0.409375 0.050000 0.050000
