0 0.454688 0.595313 0.075000 0.075000
0 0.827344 0.694531 0.039062 0.039062
0 0.250000 0.867188 0.081250 0.081250
0 0.212500 0.221875 0.062500 0.062500
0 0.714063 0.937500 0.046875 0.046875
0 0.508594 0.250781 0.079687 0.079687
0 0.779687 0.190625 0.090625 0.090625
0 0.620313 0.832812 0.050000 0.050000
0 0.217969 0.652344 0.089063 0.089063
0 0.559375 0.684375 0.081250 0.081250
0 0.792969 0.485156 0.079687 0.079687
0 0.346094 0.369531 0.067187 0.067187
0 0.872656 0.846094 0.054688 0.054688
0 0.571875 0.409375 0.034375 0.034375
0 0.546094 0.477344 0.070312 0.070312
0 0.831250 0.298438 0.037500 0.037500
