0 0.912500 0.593750 0.050000 0.050000
0 0.286719 0.649219 0.085938 0.085938
0 0.927344 0.830469 0.032813 0.032813
0 0.885938 0.167187 0.071875 0.071875
0 0.778906 0.930469 0.054688 0.054688
0 0.821094 0.419531 0.054688 0.054688
0 0.631250 0.231250 0.093750 0.093750
0 0.550000 0.907813 0.059375 0.059375
0 0.120313 0.125000 0.053125 0.053125
0 0.730469 0.208594 0.098437 0.098437
0 0.386719 0.632031 0.070312 0.070312
0 0.343750 0.887500 0.056250 0.056250
0 0.425000 0.329688 0.043750 0.043750
0 0.193750 0.153125 0.062500 0.062500
