0 0.950000 0.654687 0.031250 0.031250
0 0.484375 0.589063 0.065625 0.065625
0 0.803906 0.282031 0.067187 0.067187
0 0.917969 0.210156 0.054688 0.054688
0 0.403906 0.713281 0.051562 0.051562
0 0.239063 0.315625 0.037500 0.037500
0 0.038281 0.074219 0.057813 0.057813
0 0.704688 0.437500 0.084375 0.084375
0 0.639062 0.096875 0.053125 0.053125
0 0.214844 0.946094 0.079687 0.079687
0 0.744531 0.744531 0.032813 0.032813
0 0.118750 0.679688 0.037500 0.037500
0 0.856250 0.785937 0.093750 0.093750
0 0.265625 0.164062 0.050000 0.050000
