0 0.382812 0.235937 0.075000 0.075000
0 0.707812 0.823438 0.096875 0.096875
0 0.569531 0.785156 0.051562 0.051562
0 0.777344 0.358594 0.095312 0.095312
0 0.854688 0.656250 0.034375 0.034375
0 0.067187 0.160938 0.034375 0.034375
0 0.092188 0.410938 0.096875 0.096875
0 0.564844 0.475781 0.082812 0.082812
0 0.911719 0.572656 0.076563 0.076563
0 0.814063 0.064062 0.050000 0.050000
0 0.846094 0.700781 0.045312 0.045312
0 0.189844 0.141406 0.064062 0.064062
0 0.302344 0.557031 0.060937 0.060937
0 0.396875 0.346875 0.037500 0.037500
