0 0.897656 0.669531 0.076563 0.076563
0 0.177344 0.649219 0.035937 0.035937
0 0.257031 0.132031 0.085938 0.085938
0 0.592969 0.839844 0.060937 0.060937
0 0.252344 0.572656 0.029687 0.029687
0 0.783594 0.936719 0.079687 0.079687
0 0.561719 0.657031 0.089063 0.089063
0 0.839844 0.266406 0.067187 0.067187
0 0.729688 0.846875 0.087500 0.087500
0 0.078125 0.881250 0.090625 0.090625
0 0.043750 0.081250 0.040625 0.040625
0 0.191406 0.835156 0.060937 0.060937
0 0.663281 0.594531 0.073438 0.073438
0 0.789062 0.065625 0.037500 0.037500
0 0.354687 0.254688 0.084375 0.084375
0 0.685937 0.735938 0.081250 0.081250
0 0.934375 0.385937 0.034375 0.034375
0 0.721094 0.419531 0.082812 0.082812
0 0.663281 0.061719 0.035937 0.035937
