0 0.353906 0.678906 0.095312 0.095312
0 0.307812 0.289062 0.046875 0.046875
0 0.119531 0.444531 0.039062 0.039062
0 0.591406 0.586719 0.082812 0.082812
0 0.845313 0.954688 0.084375 0.084375
0 0.961719 0.050781 0.073438 0.073438
0 0.442188 0.407813 0.056250 0.056250
0 0.337500 0.404687 0.087500 0.087500
0 0.174219 0.186719 0.045312 0.045312
0 0.822656 0.133594 0.051562 0.051562
0 0.446094 0.058594 0.076563 0.076563
0 0.600781 0.305469 0.070312 0.070312
0 0.300781 0.892969 0.029687 0.029687
0 0.807031 0.825781 0.082812 0.082812
0 0.071875 0.517188 0.046875 0.046875
