0 0.072656 0.686719 0.039062 0.039062
0 0.307812 0.532813 0.068750 0.068750
0 0.696875 0.078125 0.050000 0.050000
0 0.764062 0.345313 0.062500 0.062500
0 0.369531 0.669531 0.079687 0.079687
0 0.757031 0.899219 0.032813 0.032813
0 0.732031 0.772656 0.042188 0.042188
0 0.960156 0.486719 0.070312 0.070312
0 0.908594 0.811719 0.054688 0.054688
0 0.057031 0.566406 0.060937 0.060937
0 0.273438 0.853125 0.037500 0.037500
0 0.412500 0.945312 0.031250 0.031250
0 0.200781 0.049219 0.067187 0.067187
0 0.046875 0.076563 0.059375 0.059375
0 0.404687 0.209375 0.046875 0.046875
