0 0.648438 0.546875 0.062500 0.062500
0 0.185156 0.702344 0.035937 0.035937
0 0.363281 0.586719 0.092188 0.092188
0 0.879687 0.310937 0.043750 0.043750
0 0.068750 0.817187 0.093750 0.093750
0 0.360938 0.156250 0.093750 0.093750
0 0.450000 0.510938 0.034375 0.034375
0 0.654687 0.293750 0.075000 0.075000
0 0.867188 0.693750 0.040625 0.040625
0 0.560937 0.484375 0.093750 0.093750
0 0.325781 0.833594 0.095312 0.095312
0 0.512500 0.821875 0.084375 0.084375
0 0.628906 0.855469 0.039062 0.039062
0 0.099219 0.119531 0.029687 0.029687
0 0.538281 0.664844 0.089063 0.089063
