0 0.099219 0.753906 0.089063 0.089063
0 0.066406 0.296094 0.039062 0.039062
0 0.220312 0.378125 0.040625 0.040625
0 0.261719 0.539844 0.079687 0.079687
0 0.600000 0.960938 0.040625 0.040625
0 0.423438 0.782813 0.071875 0.071875
0 0.326562 0.354687 0.059375 0.059375
0 0.042188 0.925000 0.081250 0.081250
0 0.364063 0.696875 0.087500 0.087500
0 0.839844 0.067969 0.095312 0.095312
0 0.207813 0.770312 0.037500 0.037500
0 0.217188 0.695312 0.068750 0.068750
0 0.167969 0.067969 0.092188 0.092188
0 0.697656 0.616406 0.073438 0.073438
0 0.904687 0.560937 0.071875 0.071875
0 0.857812 0.362500 0.065625 0.065625
0 0.118750 0.276562 0.062500 0.062500
