0 0.636719 0.117969 0.032813 0.032813
0 0.735938 0.132812 0.062500 0.062500
0 0.789844 0.249219 0.029687 0.029687
0 0.414844 0.444531 0.085938 0.085938
0 0.724219 0.767969 0.042188 0.042188
0 0.849219 0.269531 0.073438 0.073438
0 0.146094 0.566406 0.067187 0.067187
0 0.598437 0.170313 0.068750 0.068750
0 0.876563 0.481250 0.043750 0.043750
0 0.107031 0.800781 0.039062 0.039062
0 0.543750 0.856250 0.031250 0.031250
0 0.200000 0.296875 0.037500 0.037500
0 0.750781 0.477344 0.085938 0.085938
0 0.443750 0.534375 0.053125 0.053125
0 0.335938 0.460938 0.062500 0.062500
0 0.944531 0.922656 0.045312 0.045312
0 0.772656 0.363281 0.057813 0.057813
0 0.450781 0.886719 0.073438 0.073438
0 0.178906 0.810156 0.085938 0.085938
0 0.667969 0.877344 0.070312 0.070312
