0 0.567969 0.255469 0.035937 0.035937
0 0.517188 0.087500 0.093750 0.093750
0 0.375000 0.823438 0.078125 0.078125
0 0.592969 0.408594 0.057813 0.057813
0 0.710938 0.201563 0.053125 0.053125
0 0.208594 0.872656 0.082812 0.082812
0 0.717969 0.746094 0.095312 0.095312
0 0.791406 0.913281 0.039062 0.039062
0 0.701562 0.134375 0.037500 0.037500
0 0.917188 0.667188 0.037500 0.037500
0 0.607031 0.953906 0.057813 0.057813
0 0.817969 0.571094 0.045312 0.045312
0 0.302344 0.460156 0.082812 0.082812
0 0.669531 0.352344 0.089063 0.089063
