0 0.512500 0.235937 0.031250 0.031250
0 0.694531 0.322656 0.054688 0.054688
0 0.513281 0.461719 0.095312 0.095312
0 0.274219 0.097656 0.095312 0.095312
0 0.181250 0.696875 0.078125 0.078125
0 0.246094 0.550781 0.029687 0.029687
0 0.928125 0.339062 0.078125 0.078125
0 0.214062 0.346875 0.078125 0.078125
0 0.289844 0.733594 0.064062 0.064062
0 0.326562 0.445312 0.046875 0.046875
0 0.385937 0.218750 0.068750 0.068750
0 0.089063 0.201563 0.040625 0.040625
0 0.881250 0.485938 0.034375 0.034375
0 0.655469 0.180469 0.042188 0.042188
0 0.505469 0.807031 0.064062 0.064062
0 0.657031 0.875781 0.095312 0.095312
0 0.904687 0.717187 0.056250 0.056250
