0 0.753906 0.558594 0.092188 0.092188
0 0.669531 0.739844 0.035937 0.035937
0 0.521875 0.200000 0.031250 0.031250
0 0.542969 0.296094 0.035937 0.035937
0 0.861719 0.185156 0.076563 0.076563
0 0.216406 0.949219 0.064062 0.064062
0 0.136719 0.380469 0.098437 0.098437
0 0.605469 0.192969 0.098437 0.098437
0 0.289844 0.347656 0.042188 0.042188
0 0.655469 0.288281 0.073438 0.073438
0 0.056250 0.809375 0.046875 0.046875
0 0.758594 0.289844 0.042188 0.042188
0 0.356250 0.732812 0.034375 0.034375
0 0.142969 0.736719 0.039062 0.039062
0 0.377344 0.847656 0.032813 0.032813
0 0.757031 0.035156 0.032813 0.032813
0 0.935156 0.655469 0.098437 0.098437
