0 0.275000 0.082812 0.071875 0.071875
0 0.201563 0.562500 0.043750 0.043750
0 0.395313 0.082812 0.081250 0.081250
0 0.137500 0.825000 0.075000 0.075000
0 0.282813 0.639062 0.068750 0.068750
0 0.133594 0.496094 0.067187 0.067187
0 0.615625 0.450000 0.062500 0.062500
0 0.359375 0.175000 0.046875 0.046875
0 0.751563 0.567187 0.059375 0.059375
0 0.326562 0.429688 0.056250 0.056250
0 0.597656 0.750781 0.054688 0.054688
0 0.301563 0.951562 0.046875 0.046875
0 0.926562 0.925000 0.068750 0.068750
0 0.942187 0.592187 0.071875 0.071875
0 0.361719 0.785156 0.060937 0.060937
0 0.486719 0.269531 0.085938 0.085938
0 0.680469 0.911719 0.064062 0.064062
0 0.673438 0.364063 0.065625 0.065625
