0 0.717969 0.067969 0.067187 0.067187
0 0.559375 0.925000 0.053125 0.053125
0 0.306250 0.248438 0.078125 0.078125
0 0.226562 0.742188 0.071875 0.071875
0 0.428125 0.606250 0.087500 0.087500
0 0.701562 0.362500 0.081250 0.081250
0 0.348438 0.553125 0.056250 0.056250
0 0.147656 0.963281 0.070312 0.070312
0 0.833594 0.717969 0.089063 0.089063
0 0.820312 0.159375 0.087500 0.087500
0 0.189844 0.300781 0.089063 0.089063
0 0.128906 0.760156 0.089063 0.089063
0 0.207813 0.834375 0.034375 0.034375
0 0.621875 0.556250 0.056250 0.056250
0 0.957031 0.053906 0.064062 0.064062
