0 0.425781 0.319531 0.035937 0.035937
0 0.096094 0.475781 0.092188 0.092188
0 0.153906 0.233594 0.048438 0.048438
0 0.546094 0.700781 0.035937 0.035937
0 0.579688 0.221875 0.031250 0.031250
0 0.921875 0.135937 0.050000 0.050000
0 0.502344 0.897656 0.060937 0.060937
0 0.178906 0.589844 0.067187 0.067187
0 0.721094 0.257031 0.029687 0.029687
0 0.921875 0.373437 0.068750 0.068750
0 0.088281 0.944531 0.064062 0.064062
0 0.289062 0.421875 0.090625 0.090625
0 0.514062 0.223438 0.078125 0.078125
0 0.655469 0.961719 0.060937 0.060937
