0 0.039844 0.574219 0.045312 0.045312
0 0.719531 0.061719 0.098437 0.098437
0 0.444531 0.872656 0.076563 0.076563
0 0.370312 0.120313 0.034375 0.034375
0 0.956250 0.067187 0.087500 0.087500
0 0.956250 0.350000 0.078125 0.078125
0 0.455469 0.527344 0.070312 0.070312
0 0.273438 0.148438 0.053125 0.053125
0 0.585938 0.585938 0.071875 0.071875
0 0.783594 0.710156 0.095312 0.095312
0 0.251563 0.754687 0.053125 0.053125
0 0.132812 0.110937 0.046875 0.046875
0 0.668750 0.354687 0.071875 0.071875
0 0.188281 0.453906 0.060937 0.060937
0 0.650000 0.926562 0.053125 0.053125
0 0.184375 0.548438 0.065625 0.065625
0 0.516406 0.472656 0.035937 0.035937
0 0.364844 0.225781 0.085938 0.085938
