0 0.057813 0.593750 0.081250 0.081250
0 0.500000 0.710938 0.087500 0.087500
0 0.803125 0.140625 0.084375 0.084375
0 0.076563 0.434375 0.096875 0.096875
0 0.140625 0.740625 0.053125 0.053125
0 0.203125 0.185938 0.040625 0.040625
0 0.803906 0.250781 0.085938 0.085938
0 0.439063 0.542188 0.068750 0.068750
0 0.596094 0.475781 0.070312 0.070312
0 0.757812 0.539062 0.037500 0.037500
0 0.384375 0.904687 0.050000 0.050000
0 0.749219 0.730469 0.035937 0.035937
0 0.553906 0.830469 0.057813 0.057813
0 0.241406 0.655469 0.070312 0.070312
0 0.747656 0.961719 0.076563 0.076563
0 0.922656 0.292969 0.039062 0.039062
0 0.268750 0.195312 0.087500 0.087500
