0 0.084375 0.084375 0.087500 0.087500
0 0.822656 0.244531 0.032813 0.032813
0 0.632812 0.631250 0.056250 0.056250
0 0.796094 0.408594 0.054688 0.054688
0 0.366406 0.703906 0.092188 0.092188
0 0.482812 0.128125 0.053125 0.053125
0 0.948438 0.439063 0.078125 0.078125
0 0.603906 0.324219 0.082812 0.082812
0 0.358594 0.477344 0.048438 0.048438
0 0.871875 0.504687 0.062500 0.062500
0 0.132812 0.300000 0.065625 0.065625
0 0.789062 0.784375 0.084375 0.084375
0 0.693750 0.895312 0.034375 0.034375
0 0.655469 0.482031 0.076563 0.076563
0 0.303906 0.388281 0.085938 0.085938
0 0.073438 0.687500 0.043750 0.043750
0 0.915625 0.870313 0.087500 0.087500
0 0.035937 0.426563 0.046875 0.046875
0 0.661719 0.691406 0.045312 0.045312
0 0.317188 0.884375 0.078125 0.078125
