0 0.942969 0.880469 0.051562 0.051562
0 0.247656 0.039844 0.076563 0.076563
0 0.816406 0.172656 0.060937 0.060937
0 0.581250 0.540625 0.087500 0.087500
0 0.360938 0.614062 0.096875 0.096875
0 0.498437 0.043750 0.062500 0.062500
0 0.605469 0.091406 0.089063 0.089063
0 0.728906 0.633594 0.079687 0.079687
0 0.439844 0.625781 0.057813 0.057813
0 0.503906 0.358594 0.095312 0.095312
0 0.400781 0.816406 0.032813 0.032813
0 0.728125 0.292187 0.084375 0.084375
0 0.060937 0.857812 0.096875 0.096875
0 0.160938 0.681250 0.043750 0.043750
0 0.783594 0.927344 0.079687 0.079687
0 0.480469 0.246094 0.032813 0.032813
0 0.657813 0.881250 0.093750 0.093750
0 0.808594 0.603906 0.045312 0.045312
0 0.844531 0.088281 0.079687 0.079687
