0 0.766406 0.110156 0.098437 0.098437
0 0.360938 0.712500 0.071875 0.071875
0 0.665625 0.734375 0.050000 0.050000
0 0.886719 0.430469 0.076563 0.076563
0 0.485156 0.619531 0.067187 0.067187
0 0.642188 0.081250 0.068750 0.068750
0 0.214844 0.117969 0.035937 0.035937
0 0.732031 0.222656 0.032813 0.032813
0 0.600781 0.249219 0.089063 0.089063
0 0.283594 0.677344 0.076563 0.076563
0 0.355469 0.313281 0.070312 0.070312
0 0.878125 0.676562 0.056250 0.056250
0 0.516406 0.871094 0.070312 0.070312
0 0.142969 0.667969 0.067187 0.067187
0 0.475000 0.168750 0.059375 0.059375
