0 0.637500 0.104688 0.034375 0.034375
0 0.225781 0.366406 0.095312 0.095312
0 0.189062 0.132812 0.059375 0.059375
0 0.661719 0.721094 0.067187 0.067187
0 0.122656 0.577344 0.054688 0.054688
0 0.608594 0.572656 0.089063 0.089063
0 0.143750 0.643750 0.068750 0.068750
0 0.896875 0.810937 0.062500 0.062500
0 0.670312 0.214062 0.093750 0.093750
0 0.742188 0.659375 0.059375 0.059375
0 0.853125 0.067187 0.043750 0.043750
0 0.915625 0.689063 0.043750 0.043750
0 0.701562 0.837500 0.093750 0.093750
0 0.407813 0.664062 0.031250 0.031250
0 0.370312 0.960938 0.056250 0.056250
