0 0.281250 0.529687 0.046875 0.046875
0 0.375781 0.902344 0.073438 0.073438
0 0.887500 0.228125 0.087500 0.087500
0 0.364844 0.110156 0.051562 0.051562
0 0.768750 0.240625 0.068750 0.068750
0 0.469531 0.708594 0.048438 0.048438
0 0.743750 0.056250 0.068750 0.068750
0 0.945312 0.889062 0.068750 0.068750
0 0.753906 0.497656 0.048438 0.048438
0 0.618750 0.656250 0.056250 0.056250
0 0.215625 0.339062 0.071875 0.071875
0 0.525000 0.337500 0.046875 0.046875
0 0.749219 0.397656 0.054688 0.054688
0 0.632812 0.093750 0.068750 0.068750
