0 0.376563 0.625000 0.071875 0.071875
0 0.421094 0.516406 0.073438 0.073438
0 0.208594 0.436719 0.048438 0.048438
0 0.742188 0.259375 0.075000 0.075000
0 0.085938 0.839063 0.090625 0.090625
0 0.213281 0.746094 0.048438 0.048438
0 0.297656 0.575781 0.029687 0.029687
0 0.637500 0.175000 0.062500 0.062500
0 0.291406 0.067969 0.067187 0.067187
0 0.479687 0.942187 0.093750 0.093750
0 0.339062 0.831250 0.081250 0.081250
0 0.148438 0.221875 0.059375 0.059375
0 0.339062 0.156250 0.071875 0.071875
0 0.606250 0.864062 0.062500 0.062500
0 0.707812 0.843750 0.087500 0.087500
0 0.439844 0.049219 0.089063 0.089063
0 0.282813 0.706250 0.043750 0.043750
0 0.391406 0.142969 0.029687 0.029687
