0 0.908594 0.105469 0.095312 0.095312
0 0.288281 0.682031 0.054688 0.054688
0 0.852344 0.411719 0.064062 0.064062
0 0.450000 0.103125 0.062500 0.062500
0 0.623437 0.640625 0.093750 0.093750
0 0.441406 0.197656 0.092188 0.092188
0 0.735938 0.512500 0.046875 0.046875
0 0.894531 0.617969 0.029687 0.029687
0 0.167187 0.820312 0.050000 0.050000
0 0.864844 0.244531 0.045312 0.045312
0 0.225000 0.834375 0.037500 0.037500
0 0.210938 0.665625 0.059375 0.059375
0 0.794531 0.285156 0.089063 0.089063
0 0.796094 0.088281 0.082812 0.082812
