0 0.589063 0.087500 0.090625 0.090625
0 0.815625 0.164062 0.059375 0.059375
0 0.104688 0.437500 0.068750 0.068750
0 0.104688 0.743750 0.084375 0.084375
0 0.627344 0.952344 0.082812 0.082812
0 0.552344 0.352344 0.085938 0.085938
0 0.371094 0.682031 0.067187 0.067187
0 0.443750 0.248438 0.090625 0.090625
0 0.609375 0.653125 0.096875 0.096875
0 0.240625 0.450000 0.081250 0.081250
0 0.309375 0.167187 0.062500 0.062500
0 0.133594 0.888281 0.079687 0.079687
0 0.896094 0.036719 0.035937 0.035937
0 0.342969 0.560156 0.098437 0.098437
0 0.095312 0.682813 0.034375 0.034375
0 0.712500 0.171875 0.050000 0.050000
0 0.836719 0.386719 0.064062 0.064062
