0 0.089063 0.534375 0.084375 0.084375
0 0.439844 0.147656 0.098437 0.098437
0 0.510938 0.239063 0.046875 0.046875
0 0.407031 0.777344 0.089063 0.089063
0 0.839063 0.754687 0.050000 0.050000
0 0.521094 0.324219 0.029687 0.029687
0 0.733594 0.867969 0.064062 0.064062
0 0.250000 0.395313 0.068750 0.068750
0 0.660937 0.482812 0.031250 0.031250
0 0.733594 0.427344 0.045312 0.045312
0 0.057031 0.946094 0.039062 0.039062
0 0.700781 0.197656 0.057813 0.057813
0 0.841406 0.113281 0.060937 0.060937
0 0.620313 0.337500 0.056250 0.056250
0 0.284375 0.539062 0.062500 0.062500
0 0.232031 0.294531 0.064062 0.064062
