0 0.950781 0.252344 0.082812 0.082812
0 0.148438 0.495312 0.090625 0.090625
0 0.528906 0.617969 0.073438 0.073438
0 0.604688 0.795312 0.059375 0.059375
0 0.268750 0.184375 0.071875 0.071875
0 0.273438 0.650000 0.081250 0.081250
0 0.189062 0.084375 0.037500 0.037500
0 0.033594 0.452344 0.051562 0.051562
0 0.532813 0.243750 0.050000 0.050000
0 0.814063 0.882812 0.050000 0.050000
0 0.797656 0.639844 0.079687 0.079687
0 0.106250 0.925000 0.056250 0.056250
0 0.260156 0.374219 0.076563 0.076563
0 0.919531 0.635156 0.085938 0.085938
0 0.518750 0.321875 0.056250 0.056250
0 0.094531 0.261719 0.079687 0.079687
0 0.428125 0.790625 0.093750 0.093750
0 0.631250 0.479687 0.078125 0.078125
0 0.950000 0.501563 0.046875 0.046875
0 0.873437 0.370312 0.031250 0.031250
