0 0.851562 0.323437 0.071875 0.071875
0 0.121094 0.425781 0.070312 0.070312
0 0.219531 0.702344 0.073438 0.073438
0 0.610156 0.760156 0.032813 0.032813
0 0.519531 0.521094 0.042188 0.042188
0 0.757812 0.214062 0.084375 0.084375
0 0.606250 0.339062 0.053125 0.053125
0 0.064844 0.652344 0.073438 0.073438
0 0.912500 0.445312 0.081250 0.081250
0 0.313281 0.182031 0.079687 0.079687
0 0.396875 0.043750 0.040625 0.040625
0 0.628125 0.915625 0.053125 0.053125
0 0.170313 0.604688 0.046875 0.046875
0 0.675781 0.536719 0.079687 0.079687
