0 0.234375 0.539062 0.081250 0.081250
0 0.228906 0.717969 0.098437 0.098437
0 0.732031 0.636719 0.045312 0.045312
0 0.222656 0.363281 0.085938 0.085938
0 0.953125 0.601562 0.087500 0.087500
0 0.357031 0.899219 0.085938 0.085938
0 0.075781 0.633594 0.070312 0.070312
0 0.482031 0.296094 0.035937 0.035937
0 0.353125 0.314063 0.059375 0.059375
0 0.691406 0.314844 0.076563 0.076563
0 0.166406 0.953906 0.064062 0.064062
0 0.942969 0.185156 0.054688 0.054688
0 0.451562 0.218750 0.078125 0.078125
0 0.907031 0.113281 0.057813 0.057813
0 0.105469 0.557031 0.042188 0.042188
0 0.145313 0.148438 0.037500 0.037500
0 0.410156 0.808594 0.048438 0.048438
0 0.487500 0.567187 0.056250 0.056250
0 0.789844 0.061719 0.089063 0.089063
