0 0.839063 0.053125 0.056250 0.056250
0 0.442969 0.841406 0.082812 0.082812
0 0.688281 0.736719 0.060937 0.060937
0 0.828125 0.260937 0.078125 0.078125
0 0.529687 0.532813 0.075000 0.075000
0 0.664062 0.609375 0.068750 0.068750
0 0.698438 0.059375 0.084375 0.084375
0 0.861719 0.514844 0.032813 0.032813
0 0.100000 0.873437 0.040625 0.040625
0 0.021875 0.801562 0.031250 0.031250
0 0.182031 0.155469 0.051562 0.051562
0 0.603125 0.212500 0.037500 0.037500
0 0.180469 0.235156 0.029687 0.029687
0 0.525781 0.069531 0.095312 0.095312
0 0.167187 0.614062 0.078125 0.078125
0 0.294531 0.628906 0.092188 0.092188
