0 0.132031 0.775781 0.089063 0.089063
0 0.864062 0.895312 0.081250 0.081250
0 0.735938 0.089063 0.093750 0.093750
0 0.064844 0.277344 0.089063 0.089063
0 0.284375 0.326562 0.081250 0.081250
0 0.904687 0.568750 0.075000 0.075000
0 0.967187 0.368750 0.056250 0.056250
0 0.691406 0.774219 0.076563 0.076563
0 0.766406 0.189844 0.095312 0.095312
0 0.589063 0.092188 0.084375 0.084375
0 0.268750 0.559375 0.056250 0.056250
0 0.578125 0.485938 0.046875 0.046875
0 0.395313 0.415625 0.068750 0.068750
0 0.161719 0.411719 0.032813 0.032813
0 0.843750 0.403125 0.090625 0.090625
0 0.181250 0.256250 0.037500 0.037500
0 0.403125 0.864062 0.053125 0.053125
0 0.303125 0.148438 0.087500 0.087500
0 0.816406 0.482031 0.045312 0.045312
