0 0.889844 0.638281 0.095312 0.095312
0 0.351562 0.375000 0.050000 0.050000
0 0.082812 0.800000 0.053125 0.053125
0 0.578125 0.895312 0.040625 0.040625
0 0.957812 0.409375 0.018750 0.018750
0 0.652344 0.452344 0.095312 0.095312
0 0.214844 0.885156 0.073438 0.073438
0 0.930469 0.846094 0.057813 0.057813
0 0.703906 0.103906 0.035937 0.035937
0 0.521875 0.420312 0.050000 0.050000
0 0.642969 0.542969 0.029687 0.029687
0 0.880469 0.516406 0.029687 0.029687
0 0.925781 0.164844 0.098437 0.098437
0 0.169531 0.774219 0.082812 0.082812
0 0.215625 0.175000 0.065625 0.065625
0 0.536719 0.139844 0.054688 0.054688
0 0.818750 0.323437 0.078125 0.078125
