0 0.399219 0.380469 0.085938 0.085938
0 0.252344 0.486719 0.089063 0.089063
0 0.660156 0.738281 0.045312 0.045312
0 0.510938 0.781250 0.068750 0.068750
0 0.779687 0.778125 0.075000 0.075000
0 0.941406 0.914844 0.039062 0.039062
0 0.152344 0.922656 0.076563 0.076563
0 0.383594 0.166406 0.042188 0.042188
0 0.420312 0.481250 0.084375 0.084375
0 0.121875 0.334375 0.034375 0.034375
0 0.208594 0.207031 0.098437 0.098437
0 0.857812 0.481250 0.081250 0.081250
0 0.640625 0.351562 0.056250 0.056250
0 0.249219 0.916406 0.089063 0.089063
0 0.103906 0.705469 0.032813 0.032813
0 0.907813 0.818750 0.068750 0.068750
0 0.679688 0.540625 0.087500 0.087500
