0 0.438281 0.633594 0.035937 0.035937
0 0.925000 0.925000 0.093750 0.093750
0 0.271875 0.670312 0.040625 0.040625
0 0.925000 0.565625 0.040625 0.040625
0 0.358594 0.764844 0.054688 0.054688
0 0.956250 0.045312 0.062500 0.062500
0 0.502344 0.241406 0.042188 0.042188
0 0.688281 0.142969 0.067187 0.067187
0 0.886719 0.224219 0.060937 0.060937
0 0.964844 0.677344 0.057813 0.057813
0 0.502344 0.539844 0.048438 0.048438
0 0.106250 0.815625 0.078125 0.078125
0 0.521875 0.485938 0.050000 0.050000
0 0.670312 0.593750 0.068750 0.068750
0 0.414062 0.948438 0.093750 0.093750
0 0.186719 0.978906 0.032813 0.032813
0 0.324219 0.488281 0.054688 0.054688
0 0.238281 0.274219 0.095312 0.095312
