0 0.509375 0.546875 0.037500 0.037500
0 0.826562 0.100000 0.062500 0.062500
0 0.321094 0.552344 0.085938 0.085938
0 0.198437 0.232813 0.062500 0.062500
0 0.076563 0.389062 0.096875 0.096875
0 0.547656 0.452344 0.067187 0.067187
0 0.269531 0.842969 0.079687 0.079687
0 0.897656 0.519531 0.098437 0.098437
0 0.900000 0.660937 0.084375 0.084375
0 0.593750 0.120313 0.034375 0.034375
0 0.782813 0.651563 0.062500 0.062500
0 0.065625 0.593750 0.046875 0.046875
0 0.556250 0.060937 0.062500 0.062500
0 0.431250 0.196875 0.031250 0.031250
0 0.672656 0.514844 0.035937 0.035937
0 0.817187 0.184375 0.081250 0.081250
0 0.020313 0.526563 0.031250 0.031250
