0 0.901563 0.957812 0.056250 0.056250
0 0.396094 0.666406 0.082812 0.082812
0 0.654687 0.406250 0.068750 0.068750
0 0.085938 0.967187 0.037500 0.037500
0 0.093750 0.850000 0.078125 0.078125
0 0.449219 0.282031 0.054688 0.054688
0 0.676562 0.570312 0.037500 0.037500
0 0.721094 0.092969 0.057813 0.057813
0 0.430469 0.741406 0.039062 0.039062
0 0.917969 0.722656 0.079687 0.079687
0 0.913281 0.611719 0.089063 0.089063
0 0.594531 0.042969 0.035937 0.035937
0 0.347656 0.475781 0.076563 0.076563
0 0.785937 0.278125 0.046875 0.046875
0 0.148438 0.318750 0.043750 0.043750
0 0.852344 0.357031 0.032813 0.032813
0 0.774219 0.203906 0.029687 0.029687
0 0.811719 0.953906 0.035937 0.035937
