0 0.478906 0.466406 0.060937 0.060937
0 0.628125 0.646875 0.084375 0.084375
0 0.650781 0.555469 0.095312 0.095312
0 0.966406 0.908594 0.045312 0.045312
0 0.721094 0.113281 0.045312 0.045312
0 0.050000 0.573438 0.078125 0.078125
0 0.527344 0.557031 0.029687 0.029687
0 0.764844 0.088281 0.029687 0.029687
0 0.092969 0.075781 0.082812 0.082812
0 0.371094 0.380469 0.082812 0.082812
0 0.173437 0.381250 0.071875 0.071875
0 0.445312 0.931250 0.062500 0.062500
0 0.814844 0.660156 0.076563 0.076563
0 0.778906 0.817969 0.067187 0.067187
0 0.050781 0.163281 0.073438 0.073438
