0 0.903125 0.603125 0.090625 0.090625
0 0.886719 0.083594 0.076563 0.076563
0 0.610156 0.108594 0.098437 0.098437
0 0.817969 0.296094 0.064062 0.064062
0 0.089844 0.242969 0.045312 0.045312
0 0.399219 0.938281 0.089063 0.089063
0 0.599219 0.936719 0.029687 0.029687
0 0.214062 0.429688 0.075000 0.075000
0 0.128906 0.596094 0.092188 0.092188
0 0.753906 0.403906 0.098437 0.098437
0 0.970313 0.167187 0.040625 0.040625
0 0.324219 0.757031 0.032813 0.032813
0 0.834375 0.712500 0.071875 0.071875
0 0.836719 0.846094 0.064062 0.064062
0 0.796875 0.240625 0.031250 0.031250
0 0.064062 0.151562 0.037500 0.037500
0 0.103906 0.047656 0.057813 0.057813
0 0.192969 0.241406 0.045312 0.045312
0 0.249219 0.550781 0.039062 0.039062
