0 0.164062 0.643750 0.059375 0.059375
0 0.238281 0.638281 0.054688 0.054688
0 0.742969 0.741406 0.045312 0.045312
0 0.526563 0.334375 0.037500 0.037500
0 0.221094 0.316406 0.032813 0.032813
0 0.950000 0.840625 0.053125 0.053125
0 0.392188 0.203125 0.078125 0.078125
0 0.446094 0.916406 0.054688 0.054688
0 0.438281 0.347656 0.064062 0.064062
0 0.145313 0.726562 0.093750 0.093750
0 0.682031 0.097656 0.070312 0.070312
0 0.541406 0.735156 0.076563 0.076563
0 0.600781 0.808594 0.067187 0.067187
0 0.835938 0.656250 0.034375 0.034375
0 0.365625 0.271875 0.034375 0.034375
0 0.069531 0.616406 0.054688 0.054688
0 0.623437 0.237500 0.096875 0.096875
0 0.150000 0.295312 0.059375 0.059375
0 0.453125 0.485938 0.034375 0.034375
