0 0.410156 0.491406 0.085938 0.085938
0 0.429688 0.646875 0.059375 0.059375
0 0.202344 0.586719 0.070312 0.070312
0 0.202344 0.036719 0.042188 0.042188
0 0.180469 0.385156 0.082812 0.082812
0 0.119531 0.550781 0.073438 0.073438
0 0.660156 0.471094 0.073438 0.073438
0 0.673438 0.704688 0.090625 0.090625
0 0.910156 0.394531 0.060937 0.060937
0 0.275781 0.217969 0.073438 0.073438
0 0.710938 0.900000 0.050000 0.050000
0 0.375781 0.838281 0.045312 0.045312
0 0.826562 0.142187 0.053125 0.053125
0 0.378125 0.192188 0.062500 0.062500
0 0.556250 0.446875 0.075000 0.075000
0 0.539062 0.250000 0.031250 0.031250
0 0.681250 0.109375 0.090625 0.090625
