0 0.346094 0.586719 0.098437 0.098437
0 0.921094 0.930469 0.051562 0.051562
0 0.377344 0.967969 0.054688 0.054688
0 0.930469 0.078906 0.045312 0.045312
0 0.456250 0.295312 0.043750 0.043750
0 0.263281 0.300781 0.082812 0.082812
0 0.192969 0.946094 0.082812 0.082812
0 0.782813 0.510938 0.050000 0.050000
0 0.651563 0.659375 0.040625 0.040625
0 0.362500 0.709375 0.040625 0.040625
0 0.770312 0.198437 0.034375 0.034375
0 0.632812 0.437500 0.090625 0.090625
0 0.853906 0.450781 0.039062 0.039062
0 0.389062 0.439063 0.043750 0.043750
0 0.285938 0.100000 0.087500 0.087500
0 0.139063 0.201563 0.084375 0.084375
0 0.528906 0.333594 0.095312 0.095312
0 0.808594 0.660156 0.048438 0.048438
0 0.655469 0.163281 0.079687 0.079687
