0 0.798438 0.342187 0.071875 0.071875
0 0.320312 0.478125 0.090625 0.090625
0 0.271094 0.305469 0.042188 0.042188
0 0.717187 0.320312 0.034375 0.034375
0 0.141406 0.032031 0.060937 0.060937
0 0.639062 0.926562 0.096875 0.096875
0 0.036719 0.835156 0.048438 0.048438
0 0.244531 0.039844 0.070312 0.070312
0 0.789062 0.664062 0.071875 0.071875
0 0.328125 0.639062 0.059375 0.059375
0 0.685156 0.152344 0.051562 0.051562
0 0.518750 0.532813 0.037500 0.037500
0 0.839063 0.773438 0.090625 0.090625
0 0.667188 0.285938 0.037500 0.037500
0 0.485938 0.895312 0.071875 0.071875
0 0.179688 0.439063 0.075000 0.075000
0 0.158594 0.132031 0.070312 0.070312
0 0.168750 0.742188 0.087500 0.087500
0 0.950781 0.825781 0.076563 0.076563
0 0.947656 0.260156 0.032813 0.032813
