0 0.367969 0.077344 0.095312 0.095312
0 0.884375 0.414062 0.059375 0.059375
0 0.690625 0.904687 0.087500 0.087500
0 0.092969 0.096094 0.067187 0.067187
0 0.937500 0.321875 0.046875 0.046875
0 0.485938 0.446875 0.059375 0.059375
0 0.575000 0.379688 0.090625 0.090625
0 0.498437 0.946875 0.062500 0.062500
0 0.842969 0.867969 0.098437 0.098437
0 0.079687 0.935937 0.081250 0.081250
0 0.468750 0.784375 0.096875 0.096875
0 0.531250 0.175000 0.096875 0.096875
0 0.893750 0.070312 0.040625 0.040625
0 0.609375 0.198437 0.053125 0.053125
0 0.219531 0.483594 0.076563 0.076563
0 0.817969 0.211719 0.064062 0.064062
