0 0.438281 0.555469 0.035937 0.035937
0 0.645312 0.237500 0.068750 0.068750
0 0.769531 0.221094 0.051562 0.051562
0 0.220312 0.129688 0.090625 0.090625
0 0.629687 0.593750 0.043750 0.043750
0 0.272656 0.616406 0.079687 0.079687
0 0.233594 0.436719 0.092188 0.092188
0 0.603125 0.896875 0.065625 0.065625
0 0.913281 0.155469 0.045312 0.045312
0 0.800781 0.813281 0.051562 0.051562
0 0.503906 0.699219 0.051562 0.051562
0 0.163281 0.542969 0.076563 0.076563
0 0.453906 0.121094 0.098437 0.098437
0 0.171875 0.245312 0.059375 0.059375
0 0.789844 0.519531 0.070312 0.070312
0 0.420312 0.798438 0.075000 0.075000
0 0.851562 0.648438 0.056250 0.056250
