0 0.882812 0.125000 0.056250 0.056250
0 0.061719 0.946094 0.051562 0.051562
0 0.397656 0.886719 0.073438 0.073438
0 0.941406 0.283594 0.089063 0.089063
0 0.896094 0.457031 0.076563 0.076563
0 0.696094 0.703906 0.098437 0.098437
0 0.820312 0.907813 0.050000 0.050000
0 0.389844 0.169531 0.045312 0.045312
0 0.217188 0.448437 0.031250 0.031250
0 0.817969 0.330469 0.045312 0.045312
0 0.417969 0.394531 0.098437 0.098437
0 0.526563 0.793750 0.046875 0.046875
0 0.204687 0.814063 0.065625 0.065625
0 0.680469 0.913281 0.042188 0.042188
0 0.496094 0.713281 0.095312 0.095312
0 0.589063 0.726562 0.062500 0.062500
0 0.330469 0.513281 0.079687 0.079687
0 0.608594 0.327344 0.092188 0.092188
