0 0.400000 0.717187 0.031250 0.031250
0 0.183594 0.953906 0.092188 0.092188
0 0.418750 0.131250 0.093750 0.093750
0 0.459375 0.443750 0.056250 0.056250
0 0.140625 0.115625 0.068750 0.068750
0 0.158594 0.857031 0.060937 0.060937
0 0.245312 0.106250 0.084375 0.084375
0 0.682031 0.971094 0.054688 0.054688
0 0.301563 0.609375 0.031250 0.031250
0 0.287500 0.293750 0.071875 0.071875
0 0.539062 0.532813 0.090625 0.090625
0 0.921875 0.901563 0.068750 0.068750
0 0.250000 0.406250 0.043750 0.043750
0 0.710156 0.361719 0.076563 0.076563
