0 0.511719 0.225781 0.070312 0.070312
0 0.090625 0.350000 0.043750 0.043750
0 0.715625 0.818750 0.065625 0.065625
0 0.029687 0.850000 0.046875 0.046875
0 0.899219 0.100781 0.073438 0.073438
0 0.875781 0.917969 0.045312 0.045312
0 0.826562 0.228125 0.065625 0.065625
0 0.907813 0.582812 0.056250 0.056250
0 0.446875 0.315625 0.046875 0.046875
0 0.732031 0.289844 0.095312 0.095312
0 0.592187 0.523438 0.031250 0.031250
0 0.314844 0.560156 0.029687 0.029687
0 0.373437 0.487500 0.078125 0.078125
0 0.372656 0.152344 0.092188 0.092188
0 0.675781 0.358594 0.035937 0.035937
0 0.266406 0.325781 0.076563 0.076563
0 0.364844 0.982031 0.032813 0.032813
