0 0.562500 0.373437 0.075000 0.075000
0 0.706250 0.914062 0.056250 0.056250
0 0.403906 0.688281 0.095312 0.095312
0 0.492969 0.682031 0.060937 0.060937
0 0.943750 0.734375 0.037500 0.037500
0 0.928125 0.643750 0.034375 0.034375
0 0.637500 0.881250 0.053125 0.053125
0 0.637500 0.576562 0.071875 0.071875
0 0.936719 0.449219 0.054688 0.054688
0 0.782031 0.441406 0.064062 0.064062
0 0.888281 0.086719 0.060937 0.060937
0 0.382812 0.932813 0.062500 0.062500
0 0.052344 0.296094 0.051562 0.051562
0 0.758594 0.057031 0.095312 0.095312
0 0.135156 0.660156 0.045312 0.045312
0 0.297656 0.066406 0.051562 0.051562
