0 0.929688 0.692187 0.062500 0.062500
0 0.510938 0.250000 0.075000 0.075000
0 0.197656 0.785156 0.029687 0.029687
0 0.320312 0.684375 0.056250 0.056250
0 0.716406 0.146094 0.054688 0.054688
0 0.655469 0.833594 0.073438 0.073438
0 0.070312 0.751563 0.093750 0.093750
0 0.789844 0.377344 0.035937 0.035937
0 0.723437 0.545312 0.071875 0.071875
0 0.411719 0.775781 0.057813 0.057813
0 0.547656 0.825781 0.079687 0.079687
0 0.682031 0.335156 0.095312 0.095312
0 0.539844 0.083594 0.076563 0.076563
0 0.241406 0.171094 0.067187 0.067187
0 0.535937 0.709375 0.059375 0.059375
0 0.108594 0.600781 0.045312 0.045312
0 0.408594 0.297656 0.095312 0.095312
