0 0.412500 0.092188 0.031250 0.031250
0 0.088281 0.441406 0.067187 0.067187
0 0.884375 0.846875 0.096875 0.096875
0 0.442188 0.682813 0.071875 0.071875
0 0.048438 0.956250 0.043750 0.043750
0 0.164844 0.550781 0.032813 0.032813
0 0.228906 0.769531 0.042188 0.042188
0 0.956250 0.378125 0.087500 0.087500
0 0.965625 0.290625 0.068750 0.068750
0 0.881250 0.137500 0.043750 0.043750
0 0.271094 0.713281 0.035937 0.035937
0 0.163281 0.672656 0.029687 0.029687
0 0.604688 0.692187 0.037500 0.037500
0 0.557813 0.206250 0.053125 0.053125
0 0.228125 0.412500 0.053125 0.053125
0 0.560937 0.300000 0.034375 0.034375
0 0.347656 0.794531 0.045312 0.045312
