0 0.703125 0.934375 0.093750 0.093750
0 0.160938 0.734375 0.062500 0.062500
0 0.527344 0.278906 0.057813 0.057813
0 0.425000 0.482812 0.037500 0.037500
0 0.132031 0.450781 0.079687 0.079687
0 0.503125 0.870313 0.043750 0.043750
0 0.634375 0.504687 0.031250 0.031250
0 0.470313 0.179688 0.075000 0.075000
0 0.904687 0.401562 0.040625 0.040625
0 0.330469 0.775781 0.057813 0.057813
0 0.373437 0.851562 0.043750 0.043750
0 0.839063 0.168750 0.075000 0.075000
0 0.474219 0.800781 0.092188 0.092188
0 0.525000 0.662500 0.034375 0.034375
0 0.050000 0.117188 0.056250 0.056250
0 0.536719 0.103906 0.048438 0.048438
0 0.317969 0.566406 0.070312 0.070312
