0 0.839844 0.227344 0.045312 0.045312
0 0.064062 0.235937 0.062500 0.062500
0 0.517969 0.683594 0.082812 0.082812
0 0.100000 0.545312 0.096875 0.096875
0 0.516406 0.582031 0.079687 0.079687
0 0.298438 0.434375 0.043750 0.043750
0 0.313281 0.655469 0.042188 0.042188
0 0.511719 0.100781 0.082812 0.082812
0 0.457813 0.842187 0.046875 0.046875
0 0.855469 0.724219 0.057813 0.057813
0 0.535156 0.767969 0.070312 0.070312
0 0.389844 0.838281 0.073438 0.073438
0 0.258594 0.224219 0.057813 0.057813
0 0.948438 0.682813 0.071875 0.071875
0 0.900000 0.401562 0.040625 0.040625
0 0.768750 0.723437 0.075000 0.075000
0 0.371094 0.099219 0.057813 0.057813
