0 0.931250 0.115625 0.056250 0.056250
0 0.828125 0.260937 0.084375 0.084375
0 0.225000 0.725000 0.056250 0.056250
0 0.603125 0.190625 0.037500 0.037500
0 0.314844 0.300781 0.048438 0.048438
0 0.395313 0.710938 0.087500 0.087500
0 0.476562 0.567187 0.096875 0.096875
0 0.120313 0.520312 0.096875 0.096875
0 0.785937 0.132812 0.093750 0.093750
0 0.503125 0.956250 0.046875 0.046875
0 0.077344 0.142969 0.045312 0.045312
0 0.594531 0.067969 0.057813 0.057813
0 0.580469 0.549219 0.098437 0.098437
0 0.674219 0.086719 0.035937 0.035937
0 0.891406 0.942969 0.092188 0.092188
0 0.210156 0.817969 0.054688 0.054688
0 0.294531 0.471094 0.042188 0.042188
0 0.935156 0.225781 0.098437 0.098437
