0 0.274219 0.950781 0.064062 0.064062
0 0.535937 0.157812 0.093750 0.093750
0 0.211719 0.258594 0.029687 0.029687
0 0.405469 0.803906 0.095312 0.095312
0 0.431250 0.710938 0.081250 0.081250
0 0.688281 0.882031 0.060937 0.060937
0 0.678906 0.339844 0.042188 0.042188
0 0.496875 0.893750 0.059375 0.059375
0 0.359375 0.307812 0.096875 0.096875
0 0.287500 0.750000 0.046875 0.046875
0 0.632812 0.957812 0.040625 0.040625
0 0.887500 0.340625 0.081250 0.081250
0 0.736719 0.174219 0.095312 0.095312
0 0.502344 0.427344 0.067187 0.067187
0 0.943750 0.846875 0.050000 0.050000
0 0.738281 0.397656 0.060937 0.060937
0 0.133594 0.027344 0.045312 0.045312
0 0.174219 0.522656 0.073438 0.073438
0 0.392969 0.911719 0.051562 0.051562
0 0.630469 0.057031 0.051562 0.051562
