0 0.468750 0.592187 0.050000 0.050000
0 0.871094 0.805469 0.085938 0.085938
0 0.625781 0.792969 0.032813 0.032813
0 0.945312 0.403125 0.031250 0.031250
0 0.103125 0.131250 0.043750 0.043750
0 0.743750 0.376563 0.053125 0.053125
0 0.457813 0.870313 0.037500 0.037500
0 0.302344 0.702344 0.092188 0.092188
0 0.744531 0.249219 0.054688 0.054688
0 0.820312 0.495312 0.043750 0.043750
0 0.467969 0.369531 0.070312 0.070312
0 0.093750 0.262500 0.093750 0.093750
0 0.498437 0.959375 0.043750 0.043750
0 0.574219 0.178906 0.073438 0.073438
0 0.328906 0.839844 0.073438 0.073438
0 0.389062 0.123438 0.056250 0.056250
0 0.617969 0.097656 0.054688 0.054688
0 0.895312 0.956250 0.046875 0.046875
0 0.082031 0.624219 0.073438 0.073438
