0 0.704688 0.651563 0.075000 0.075000
0 0.090625 0.220312 0.053125 0.053125
0 0.505469 0.202344 0.045312 0.045312
0 0.607812 0.792188 0.053125 0.053125
0 0.463281 0.778906 0.089063 0.089063
0 0.386719 0.180469 0.032813 0.032813
0 0.663281 0.950781 0.035937 0.035937
0 0.089844 0.892969 0.067187 0.067187
0 0.186719 0.144531 0.098437 0.098437
0 0.907813 0.257812 0.096875 0.096875
0 0.564844 0.305469 0.032813 0.032813
0 0.416406 0.550781 0.067187 0.067187
0 0.330469 0.194531 0.042188 0.042188
0 0.713281 0.517969 0.070312 0.070312
0 0.307031 0.617969 0.039062 0.039062
0 0.442969 0.627344 0.064062 0.064062
