0 0.469531 0.716406 0.060937 0.060937
0 0.225000 0.778125 0.043750 0.043750
0 0.401562 0.065625 0.090625 0.090625
0 0.316406 0.772656 0.045312 0.045312
0 0.853906 0.911719 0.070312 0.070312
0 0.746094 0.710156 0.095312 0.095312
0 0.342187 0.585938 0.078125 0.078125
0 0.260937 0.520312 0.031250 0.031250
0 0.579688 0.939063 0.040625 0.040625
0 0.756250 0.839063 0.053125 0.053125
0 0.053125 0.306250 0.053125 0.053125
0 0.600781 0.757031 0.079687 0.079687
0 0.385937 0.209375 0.090625 0.090625
0 0.492188 0.251563 0.068750 0.068750
0 0.642969 0.153906 0.085938 0.085938
0 0.063281 0.964844 0.060937 0.060937
0 0.911719 0.755469 0.048438 0.048438
