0 0.217969 0.235156 0.035937 0.035937
0 0.503125 0.093750 0.075000 0.075000
0 0.751563 0.421875 0.053125 0.053125
0 0.605469 0.900781 0.060937 0.060937
0 0.576562 0.653125 0.050000 0.050000
0 0.391406 0.530469 0.098437 0.098437
0 0.175781 0.800781 0.073438 0.073438
0 0.499219 0.360156 0.085938 0.085938
0 0.815625 0.615625 0.096875 0.096875
0 0.639844 0.508594 0.045312 0.045312
0 0.327344 0.963281 0.057813 0.057813
0 0.342187 0.064062 0.090625 0.090625
0 0.422656 0.961719 0.035937 0.035937
0 0.932031 0.103906 0.079687 0.079687
0 0.275781 0.480469 0.035937 0.035937
0 0.612500 0.421875 0.046875 0.046875
0 0.395313 0.442188 0.050000 0.050000
