0 0.197656 0.449219 0.064062 0.064062
0 0.155469 0.975781 0.039062 0.039062
0 0.106250 0.692187 0.037500 0.037500
0 0.321875 0.067187 0.040625 0.040625
0 0.899219 0.052344 0.060937 0.060937
0 0.346094 0.719531 0.076563 0.076563
0 0.296875 0.120313 0.056250 0.056250
0 0.480469 0.077344 0.060937 0.060937
0 0.839844 0.103906 0.042188 0.042188
0 0.707031 0.039844 0.032813 0.032813
0 0.046875 0.348438 0.037500 0.037500
0 0.808594 0.360156 0.098437 0.098437
0 0.540625 0.898438 0.087500 0.087500
0 0.867188 0.498437 0.087500 0.087500
0 0.748437 0.129688 0.071875 0.071875
