0 0.650781 0.102344 0.082812 0.082812
0 0.167969 0.314844 0.029687 0.029687
0 0.189844 0.889844 0.089063 0.089063
0 0.507031 0.413281 0.079687 0.079687
0 0.800000 0.889062 0.059375 0.059375
0 0.983594 0.533594 0.032813 0.032813
0 0.050000 0.698438 0.078125 0.078125
0 0.575781 0.853906 0.085938 0.085938
0 0.413281 0.916406 0.039062 0.039062
0 0.235937 0.378125 0.093750 0.093750
0 0.446094 0.746094 0.048438 0.048438
0 0.583594 0.519531 0.045312 0.045312
0 0.710156 0.442969 0.095312 0.095312
0 0.956250 0.945312 0.043750 0.043750
0 0.929688 0.751563 0.056250 0.056250
0 0.825781 0.474219 0.082812 0.082812
0 0.386719 0.807031 0.035937 0.035937
0 0.088281 0.402344 0.073438 0.073438
