0 0.272656 0.750781 0.045312 0.045312
0 0.678906 0.486719 0.035937 0.035937
0 0.403125 0.787500 0.084375 0.084375
0 0.739062 0.507812 0.053125 0.053125
0 0.035156 0.733594 0.051562 0.051562
0 0.657031 0.225781 0.051562 0.051562
0 0.234375 0.042188 0.040625 0.040625
0 0.119531 0.392969 0.095312 0.095312
0 0.368750 0.398438 0.040625 0.040625
0 0.894531 0.521094 0.085938 0.085938
0 0.164844 0.802344 0.048438 0.048438
0 0.890625 0.814063 0.068750 0.068750
0 0.201563 0.503125 0.040625 0.040625
0 0.582031 0.600781 0.048438 0.048438
0 0.065625 0.568750 0.093750 0.093750
