0 0.674219 0.063281 0.073438 0.073438
0 0.649219 0.557031 0.082812 0.082812
0 0.027344 0.533594 0.048438 0.048438
0 0.894531 0.089844 0.042188 0.042188
0 0.075000 0.634375 0.050000 0.050000
0 0.067187 0.165625 0.078125 0.078125
0 0.345313 0.526563 0.034375 0.034375
0 0.107031 0.258594 0.089063 0.089063
0 0.469531 0.088281 0.095312 0.095312
0 0.150781 0.971094 0.029687 0.029687
0 0.922656 0.889844 0.054688 0.054688
0 0.383594 0.658594 0.032813 0.032813
0 0.517188 0.445312 0.093750 0.093750
0 0.210156 0.638281 0.045312 0.045312
0 0.432031 0.374219 0.039062 0.039062
0 0.517188 0.879687 0.071875 0.071875
0 0.174219 0.457031 0.085938 0.085938
