0 0.406250 0.846875 0.090625 0.090625
0 0.806250 0.121875 0.034375 0.034375
0 0.434375 0.200000 0.071875 0.071875
0 0.881250 0.843750 0.087500 0.087500
0 0.350781 0.603906 0.042188 0.042188
0 0.277344 0.475781 0.048438 0.048438
0 0.424219 0.472656 0.092188 0.092188
0 0.692969 0.503906 0.054688 0.054688
0 0.514062 0.337500 0.056250 0.056250
0 0.216406 0.053906 0.032813 0.032813
0 0.513281 0.667969 0.057813 0.057813
0 0.696875 0.737500 0.090625 0.090625
0 0.865625 0.357812 0.084375 0.084375
0 0.904687 0.167187 0.078125 0.078125
0 0.085938 0.759375 0.068750 0.068750
0 0.571094 0.111719 0.082812 0.082812
0 0.327344 0.125781 0.079687 0.079687
