0 0.554688 0.073438 0.065625 0.065625
0 0.228125 0.256250 0.068750 0.068750
0 0.884375 0.453125 0.059375 0.059375
0 0.077344 0.292969 0.054688 0.054688
0 0.837500 0.639062 0.087500 0.087500
0 0.966406 0.277344 0.054688 0.054688
0 0.757031 0.150781 0.045312 0.045312
0 0.439063 0.939063 0.068750 0.068750
0 0.300000 0.815625 0.043750 0.043750
0 0.197656 0.466406 0.048438 0.048438
0 0.729688 0.528125 0.075000 0.075000
0 0.309375 0.445312 0.081250 0.081250
0 0.738281 0.786719 0.079687 0.079687
0 0.149219 0.216406 0.070312 0.070312
0 0.267188 0.656250 0.031250 0.031250
0 0.789062 0.404687 0.075000 0.075000
0 0.396094 0.797656 0.045312 0.045312
