0 0.778125 0.704688 0.056250 0.056250
0 0.829688 0.121875 0.093750 0.093750
0 0.583594 0.975781 0.042188 0.042188
0 0.108594 0.922656 0.054688 0.054688
0 0.572656 0.099219 0.029687 0.029687
0 0.857812 0.795312 0.078125 0.078125
0 0.224219 0.616406 0.051562 0.051562
0 0.354687 0.654687 0.096875 0.096875
0 0.476562 0.123438 0.034375 0.034375
0 0.788281 0.242969 0.085938 0.085938
0 0.675000 0.957812 0.043750 0.043750
0 0.395313 0.896875 0.071875 0.071875
0 0.049219 0.225781 0.035937 0.035937
0 0.833594 0.628906 0.045312 0.045312
0 0.335156 0.355469 0.048438 0.048438
0 0.517188 0.465625 0.059375 0.059375
0 0.430469 0.044531 0.070312 0.070312
