0 0.064844 0.650781 0.073438 0.073438
0 0.237500 0.200000 0.090625 0.090625
0 0.364063 0.635938 0.043750 0.043750
0 0.893750 0.764062 0.081250 0.081250
0 0.078906 0.710156 0.042188 0.042188
0 0.707031 0.164844 0.045312 0.045312
0 0.718750 0.775000 0.081250 0.081250
0 0.115625 0.807813 0.081250 0.081250
0 0.787500 0.865625 0.053125 0.053125
0 0.334375 0.212500 0.037500 0.037500
0 0.271094 0.746094 0.060937 0.060937
0 0.802344 0.172656 0.098437 0.098437
0 0.542188 0.760938 0.078125 0.078125
0 0.214844 0.441406 0.035937 0.035937
0 0.332031 0.039844 0.035937 0.035937
0 0.178906 0.524219 0.073438 0.073438
0 0.122656 0.111719 0.082812 0.082812
