0 0.260156 0.239844 0.089063 0.089063
0 0.493750 0.221875 0.050000 0.050000
0 0.427344 0.483594 0.054688 0.054688
0 0.551562 0.164062 0.046875 0.046875
0 0.041406 0.922656 0.070312 0.070312
0 0.146094 0.210156 0.067187 0.067187
0 0.416406 0.955469 0.057813 0.057813
0 0.415625 0.381250 0.065625 0.065625
0 0.578906 0.628906 0.082812 0.082812
0 0.900000 0.176563 0.056250 0.056250
0 0.155469 0.696094 0.060937 0.060937
0 0.978906 0.749219 0.035937 0.035937
0 0.737500 0.840625 0.087500 0.087500
0 0.669531 0.538281 0.035937 0.035937
0 0.485938 0.676562 0.075000 0.075000
0 0.527344 0.833594 0.098437 0.098437
0 0.172656 0.928906 0.054688 0.054688
0 0.770312 0.042188 0.071875 0.071875
0 0.224219 0.508594 0.070312 0.070312
0 0.450781 0.746094 0.051562 0.051562
