0 0.416406 0.133594 0.076563 0.076563
0 0.639062 0.882812 0.078125 0.078125
0 0.346875 0.589063 0.093750 0.093750
0 0.871094 0.421094 0.079687 0.079687
0 0.337500 0.870313 0.068750 0.068750
0 0.650781 0.030469 0.029687 0.029687
0 0.522656 0.630469 0.039062 0.039062
0 0.902344 0.078906 0.095312 0.095312
0 0.661719 0.267969 0.032813 0.032813
0 0.982031 0.863281 0.032813 0.032813
0 0.645312 0.514062 0.081250 0.081250
0 0.152344 0.494531 0.067187 0.067187
0 0.571094 0.957031 0.057813 0.057813
0 0.253125 0.539062 0.078125 0.078125
0 0.536719 0.286719 0.092188 0.092188
