0 0.588281 0.592969 0.067187 0.067187
0 0.100781 0.114844 0.064062 0.064062
0 0.824219 0.489844 0.064062 0.064062
0 0.522656 0.488281 0.092188 0.092188
0 0.267969 0.724219 0.057813 0.057813
0 0.341406 0.250781 0.064062 0.064062
0 0.580469 0.302344 0.092188 0.092188
0 0.242969 0.394531 0.032813 0.032813
0 0.377344 0.363281 0.070312 0.070312
0 0.191406 0.839844 0.057813 0.057813
0 0.959375 0.457813 0.046875 0.046875
0 0.842969 0.196094 0.054688 0.054688
0 0.752344 0.780469 0.054688 0.054688
0 0.739062 0.934375 0.046875 0.046875
0 0.451562 0.440625 0.037500 0.037500
0 0.709375 0.056250 0.068750 0.068750
