0 0.360938 0.189062 0.040625 0.040625
0 0.483594 0.124219 0.057813 0.057813
0 0.681250 0.639062 0.084375 0.084375
0 0.305469 0.519531 0.060937 0.060937
0 0.067969 0.241406 0.032813 0.032813
0 0.178125 0.026562 0.040625 0.040625
0 0.934375 0.159375 0.043750 0.043750
0 0.248438 0.604688 0.046875 0.046875
0 0.884375 0.153125 0.053125 0.053125
0 0.444531 0.727344 0.089063 0.089063
0 0.927344 0.099219 0.032813 0.032813
0 0.735156 0.208594 0.073438 0.073438
0 0.710156 0.042969 0.076563 0.076563
0 0.309375 0.651563 0.059375 0.059375
0 0.586719 0.872656 0.042188 0.042188
0 0.679688 0.315625 0.050000 0.050000
0 0.499219 0.919531 0.048438 0.048438
