0 0.223438 0.479687 0.081250 0.081250
0 0.506250 0.670312 0.087500 0.087500
0 0.717187 0.803125 0.078125 0.078125
0 0.117969 0.921094 0.079687 0.079687
0 0.760938 0.550000 0.071875 0.071875
0 0.511719 0.910156 0.085938 0.085938
0 0.703125 0.921875 0.059375 0.059375
0 0.156250 0.193750 0.084375 0.084375
0 0.021094 0.933594 0.039062 0.039062
0 0.642188 0.625000 0.081250 0.081250
0 0.957031 0.388281 0.048438 0.048438
0 0.190625 0.757812 0.034375 0.034375
0 0.511719 0.505469 0.073438 0.073438
0 0.928906 0.892969 0.085938 0.085938
0 0.146094 0.342969 0.089063 0.089063
0 0.350000 0.087500 0.056250 0.056250
