0 0.831250 0.440625 0.084375 0.084375
0 0.034375 0.079687 0.059375 0.059375
0 0.314063 0.276562 0.093750 0.093750
0 0.920312 0.360938 0.050000 0.050000
0 0.518750 0.898438 0.087500 0.087500
0 0.710938 0.629687 0.056250 0.056250
0 0.164844 0.667969 0.073438 0.073438
0 0.858594 0.597656 0.045312 0.045312
0 0.550000 0.279687 0.050000 0.050000
0 0.153125 0.282813 0.031250 0.031250
0 0.126562 0.056250 0.037500 0.037500
0 0.700000 0.260937 0.068750 0.068750
0 0.510938 0.781250 0.093750 0.093750
0 0.164062 0.415625 0.096875 0.096875
0 0.071094 0.382031 0.067187 0.067187
0 0.671875 0.145313 0.046875 0.046875
0 0.965625 0.287500 0.050000 0.050000
