0 0.268750 0.201563 0.093750 0.093750
0 0.617188 0.881250 0.040625 0.040625
0 0.138281 0.730469 0.092188 0.092188
0 0.139063 0.275000 0.031250 0.031250
0 0.369531 0.841406 0.092188 0.092188
0 0.140625 0.918750 0.068750 0.068750
0 0.062500 0.734375 0.046875 0.046875
0 0.565625 0.760938 0.087500 0.087500
0 0.724219 0.246094 0.032813 0.032813
0 0.885938 0.943750 0.050000 0.050000
0 0.513281 0.586719 0.042188 0.042188
0 0.296875 0.373437 0.043750 0.043750
0 0.653125 0.220312 0.071875 0.071875
0 0.929688 0.865625 0.075000 0.075000
0 0.701562 0.584375 0.034375 0.034375
0 0.789062 0.109375 0.065625 0.065625
0 0.959375 0.100000 0.031250 0.031250
0 0.105469 0.183594 0.039062 0.039062
0 0.596875 0.651563 0.096875 0.096875
0 0.326562 0.648438 0.081250 0.081250
