0 0.873437 0.490625 0.096875 0.096875
0 0.492969 0.557031 0.057813 0.057813
0 0.113281 0.933594 0.098437 0.098437
0 0.471875 0.865625 0.034375 0.034375
0 0.093750 0.635938 0.075000 0.075000
0 0.720313 0.090625 0.065625 0.065625
0 0.485156 0.702344 0.057813 0.057813
0 0.946094 0.888281 0.073438 0.073438
0 0.675000 0.428125 0.071875 0.071875
0 0.622656 0.683594 0.082812 0.082812
0 0.053125 0.784375 0.037500 0.037500
0 0.246094 0.583594 0.057813 0.057813
0 0.192969 0.205469 0.048438 0.048438
0 0.136719 0.080469 0.073438 0.073438
0 0.347656 0.694531 0.060937 0.060937
0 0.642969 0.310156 0.032813 0.032813
0 0.309375 0.468750 0.037500 0.037500
0 0.214062 0.882812 0.075000 0.075000
0 0.735938 0.359375 0.056250 0.056250
