0 0.280469 0.650781 0.051562 0.051562
0 0.617188 0.957812 0.037500 0.037500
0 0.930469 0.089844 0.095312 0.095312
0 0.340625 0.304688 0.093750 0.093750
0 0.410156 0.557031 0.051562 0.051562
0 0.369531 0.099219 0.089063 0.089063
0 0.506250 0.300000 0.062500 0.062500
0 0.712500 0.045312 0.075000 0.075000
0 0.669531 0.242969 0.079687 0.079687
0 0.562500 0.301563 0.043750 0.043750
0 0.768750 0.550000 0.050000 0.050000
0 0.083594 0.241406 0.092188 0.092188
0 0.711719 0.383594 0.060937 0.060937
0 0.775781 0.358594 0.042188 0.042188
0 0.060156 0.522656 0.060937 0.060937
