0 0.792188 0.587500 0.096875 0.096875
0 0.953906 0.858594 0.082812 0.082812
0 0.280469 0.344531 0.057813 0.057813
0 0.102344 0.408594 0.098437 0.098437
0 0.428125 0.376563 0.068750 0.068750
0 0.710156 0.875781 0.079687 0.079687
0 0.625000 0.478125 0.053125 0.053125
0 0.209375 0.543750 0.071875 0.071875
0 0.444531 0.278906 0.051562 0.051562
0 0.325781 0.782031 0.070312 0.070312
0 0.476562 0.935937 0.059375 0.059375
0 0.941406 0.160156 0.098437 0.098437
0 0.556250 0.707812 0.034375 0.034375
0 0.215625 0.712500 0.059375 0.059375
0 0.805469 0.100781 0.035937 0.035937
