0 0.110156 0.664844 0.067187 0.067187
0 0.793750 0.392188 0.053125 0.053125
0 0.378906 0.739844 0.051562 0.051562
0 0.030469 0.071094 0.045312 0.045312
0 0.242188 0.398438 0.046875 0.046875
0 0.488281 0.911719 0.067187 0.067187
0 0.514844 0.285156 0.082812 0.082812
0 0.260937 0.800000 0.046875 0.046875
0 0.853125 0.279687 0.056250 0.056250
0 0.550000 0.567187 0.096875 0.096875
0 0.497656 0.089844 0.035937 0.035937
0 0.703125 0.717187 0.056250 0.056250
0 0.461719 0.422656 0.079687 0.079687
0 0.098437 0.384375 0.084375 0.084375
