0 0.735938 0.532813 0.040625 0.040625
0 0.105469 0.400781 0.095312 0.095312
0 0.464062 0.375000 0.050000 0.050000
0 0.890625 0.481250 0.059375 0.059375
0 0.342187 0.550000 0.078125 0.078125
0 0.455469 0.136719 0.045312 0.045312
0 0.642188 0.773438 0.062500 0.062500
0 0.205469 0.100781 0.039062 0.039062
0 0.731250 0.801562 0.034375 0.034375
0 0.060937 0.123438 0.056250 0.056250
0 0.321094 0.932031 0.057813 0.057813
0 0.664844 0.371094 0.082812 0.082812
0 0.900000 0.650000 0.068750 0.068750
0 0.397656 0.683594 0.095312 0.095312
0 0.624219 0.042969 0.085938 0.085938
0 0.294531 0.250781 0.045312 0.045312
0 0.107031 0.274219 0.035937 0.035937
0 0.908594 0.325781 0.060937 0.060937
0 0.036719 0.208594 0.051562 0.051562
0 0.636719 0.517969 0.082812 0.082812
