0 0.469531 0.744531 0.092188 0.092188
0 0.485156 0.191406 0.039062 0.039062
0 0.393750 0.284375 0.059375 0.059375
0 0.381250 0.937500 0.093750 0.093750
0 0.765625 0.356250 0.059375 0.059375
0 0.148438 0.910937 0.037500 0.037500
0 0.635938 0.846875 0.075000 0.075000
0 0.422656 0.171094 0.073438 0.073438
0 0.527344 0.925781 0.045312 0.045312
0 0.854688 0.054688 0.050000 0.050000
0 0.515625 0.603125 0.050000 0.050000
0 0.675000 0.462500 0.087500 0.087500
0 0.827344 0.757031 0.064062 0.064062
0 0.939063 0.267188 0.096875 0.096875
0 0.814844 0.917969 0.067187 0.067187
