0 0.875781 0.774219 0.070312 0.070312
0 0.480469 0.455469 0.085938 0.085938
0 0.624219 0.907031 0.098437 0.098437
0 0.869531 0.936719 0.051562 0.051562
0 0.882031 0.413281 0.070312 0.070312
0 0.570312 0.307812 0.059375 0.059375
0 0.151562 0.551562 0.062500 0.062500
0 0.746094 0.341406 0.060937 0.060937
0 0.365625 0.285938 0.062500 0.062500
0 0.553125 0.542188 0.037500 0.037500
0 0.182812 0.106250 0.056250 0.056250
0 0.924219 0.197656 0.092188 0.092188
0 0.461719 0.819531 0.095312 0.095312
0 0.734375 0.637500 0.031250 0.031250
0 0.109375 0.642188 0.050000 0.050000
0 0.078125 0.207813 0.050000 0.050000
0 0.053125 0.045312 0.034375 0.034375
0 0.176563 0.851562 0.071875 0.071875
