0 0.867969 0.853906 0.057813 0.057813
0 0.036719 0.225781 0.070312 0.070312
0 0.573438 0.217188 0.078125 0.078125
0 0.692969 0.135156 0.089063 0.089063
0 0.296094 0.122656 0.079687 0.079687
0 0.411719 0.566406 0.067187 0.067187
0 0.588281 0.508594 0.089063 0.089063
0 0.328906 0.711719 0.029687 0.029687
0 0.496094 0.336719 0.057813 0.057813
0 0.581250 0.820312 0.034375 0.034375
0 0.524219 0.805469 0.029687 0.029687
0 0.538281 0.632031 0.089063 0.089063
0 0.089063 0.467187 0.096875 0.096875
0 0.080469 0.108594 0.051562 0.051562
