18 0.126562 0.289583 0.093750 0.125000
13 0.952344 0.819792 0.079687 0.106250
17 0.311719 0.065625 0.085938 0.114583
17 0.845313 0.547917 0.087500 0.116667
7 0.765625 0.700000 0.093750 0.125000
9 0.532813 0.931250 0.081250 0.108333
11 0.295312 0.556250 0.112500 0.150000
9 0.568750 0.329167 0.096875 0.129167
11 0.075781 0.748958 0.085938 0.114583
17 0.267188 0.377083 0.081250 0.108333
20 0.100000 0.502083 0.115625 0.154167
15 0.429688 0.604167 0.106250 0.141667
16 0.796094 0.305208 0.092188 0.122917
