12 0.388281 0.738542 0.117188 0.156250
8 0.606250 0.781250 0.096875 0.129167
16 0.538281 0.203125 0.082812 0.110417
8 0.939844 0.296875 0.114062 0.152083
6 0.524219 0.636458 0.070312 0.093750
15 0.468750 0.429167 0.109375 0.145833
6 0.814063 0.241667 0.103125 0.137500
18 0.191406 0.590625 0.110937 0.147917
4 0.847656 0.109375 0.073438 0.097917
17 0.676562 0.181250 0.075000 0.100000
9 0.127344 0.228125 0.076563 0.102083
17 0.180469 0.888542 0.092188 0.122917
17 0.630469 0.344792 0.107813 0.143750
