15 0.382031 0.307292 0.070312 0.093750
10 0.950781 0.903125 0.098437 0.131250
9 0.782813 0.270833 0.096875 0.129167
3 0.876563 0.568750 0.081250 0.108333
11 0.384375 0.854167 0.106250 0.141667
15 0.568750 0.827083 0.096875 0.129167
1 0.874219 0.363542 0.079687 0.106250
9 0.725000 0.839583 0.093750 0.125000
6 0.132812 0.618750 0.112500 0.150000
15 0.268750 0.647917 0.118750 0.158333
12 0.512500 0.481250 0.103125 0.137500
8 0.642969 0.434375 0.101562 0.135417
12 0.114062 0.416667 0.118750 0.158333
