8 0.342187 0.402083 0.103125 0.137500
16 0.367969 0.634375 0.073438 0.097917
17 0.330469 0.092708 0.085938 0.114583
13 0.251563 0.681250 0.093750 0.125000
18 0.885156 0.563542 0.092188 0.122917
15 0.653125 0.095833 0.103125 0.137500
1 0.825781 0.142708 0.107813 0.143750
16 0.889062 0.706250 0.071875 0.095833
15 0.516406 0.538542 0.104688 0.139583
13 0.591406 0.686458 0.098437 0.131250
17 0.089063 0.741667 0.087500 0.116667
12 0.898438 0.922917 0.109375 0.145833
15 0.921875 0.129167 0.075000 0.100000
