6 0.240625 0.272917 0.093750 0.125000
15 0.278906 0.784375 0.095312 0.127083
9 0.468750 0.814583 0.118750 0.158333
10 0.949219 0.873958 0.092188 0.122917
9 0.917969 0.073958 0.107813 0.143750
17 0.908594 0.415625 0.070312 0.093750
6 0.149219 0.701042 0.092188 0.122917
9 0.607812 0.152083 0.090625 0.120833
15 0.158594 0.430208 0.114062 0.152083
12 0.667188 0.529167 0.093750 0.125000
4 0.942187 0.614583 0.071875 0.095833
11 0.753906 0.784375 0.110937 0.147917
0 0.707031 0.211458 0.085938 0.114583
