17 0.151562 0.175000 0.112500 0.150000
3 0.943750 0.297917 0.071875 0.095833
13 0.342187 0.147917 0.096875 0.129167
21 0.417187 0.872917 0.103125 0.137500
10 0.099219 0.765625 0.089063 0.118750
17 0.881250 0.539583 0.093750 0.125000
9 0.511719 0.503125 0.098437 0.131250
6 0.741406 0.080208 0.076563 0.102083
10 0.092969 0.405208 0.092188 0.122917
9 0.639844 0.313542 0.073438 0.097917
15 0.382812 0.277083 0.081250 0.108333
15 0.045312 0.522917 0.071875 0.095833
15 0.250000 0.570833 0.078125 0.104167
