8 0.890625 0.329167 0.096875 0.129167
8 0.296094 0.673958 0.117188 0.156250
9 0.097656 0.363542 0.117188 0.156250
17 0.192188 0.841667 0.100000 0.133333
15 0.667969 0.213542 0.104688 0.139583
11 0.449219 0.492708 0.089063 0.118750
17 0.403906 0.888542 0.079687 0.106250
16 0.176563 0.160417 0.100000 0.133333
19 0.542969 0.557292 0.076563 0.102083
12 0.760938 0.858333 0.103125 0.137500
9 0.660156 0.586458 0.095312 0.127083
17 0.777344 0.409375 0.073438 0.097917
17 0.748437 0.066667 0.087500 0.116667
