11 0.875000 0.610417 0.112500 0.150000
6 0.895312 0.427083 0.075000 0.100000
9 0.675000 0.695833 0.096875 0.129167
15 0.238281 0.794792 0.092188 0.122917
5 0.520312 0.147917 0.071875 0.095833
17 0.765625 0.881250 0.093750 0.125000
9 0.846094 0.069792 0.098437 0.131250
6 0.117188 0.710417 0.096875 0.129167
9 0.433594 0.711458 0.073438 0.097917
15 0.150000 0.254167 0.100000 0.133333
17 0.800781 0.355208 0.089063 0.118750
17 0.216406 0.442708 0.095312 0.127083
16 0.555469 0.817708 0.085938 0.114583
