15 0.138281 0.317708 0.079687 0.106250
9 0.406250 0.477083 0.075000 0.100000
20 0.432812 0.887500 0.112500 0.150000
12 0.757031 0.451042 0.076563 0.102083
8 0.739062 0.241667 0.100000 0.133333
21 0.633594 0.403125 0.073438 0.097917
15 0.692187 0.068750 0.100000 0.133333
16 0.928125 0.608333 0.112500 0.150000
12 0.213281 0.080208 0.095312 0.127083
11 0.526563 0.270833 0.112500 0.150000
6 0.752344 0.619792 0.095312 0.127083
0 0.757812 0.872917 0.093750 0.125000
9 0.160156 0.780208 0.107813 0.143750
