12 0.942187 0.435417 0.096875 0.129167
9 0.205469 0.892708 0.114062 0.152083
12 0.192969 0.498958 0.076563 0.102083
17 0.423438 0.610417 0.093750 0.125000
11 0.264844 0.059375 0.089063 0.118750
6 0.692969 0.707292 0.107813 0.143750
3 0.428906 0.382292 0.114062 0.152083
15 0.586719 0.409375 0.098437 0.131250
16 0.798438 0.095833 0.090625 0.120833
16 0.689063 0.191667 0.090625 0.120833
17 0.426563 0.804167 0.093750 0.125000
17 0.205469 0.296875 0.085938 0.114583
19 0.525781 0.165625 0.098437 0.131250
