12 0.077344 0.105208 0.070312 0.093750
8 0.925781 0.623958 0.114062 0.152083
8 0.060156 0.686458 0.098437 0.131250
15 0.297656 0.223958 0.104688 0.139583
21 0.642969 0.111458 0.076563 0.102083
11 0.132812 0.445833 0.106250 0.141667
8 0.618750 0.366667 0.115625 0.154167
0 0.553125 0.727083 0.106250 0.141667
10 0.325000 0.891667 0.075000 0.100000
17 0.392188 0.354167 0.068750 0.091667
19 0.469531 0.336458 0.082812 0.110417
16 0.785937 0.291667 0.084375 0.112500
8 0.457031 0.215625 0.073438 0.097917
