6 0.161719 0.390625 0.070312 0.093750
17 0.585156 0.559375 0.073438 0.097917
9 0.782813 0.216667 0.100000 0.133333
9 0.800000 0.847917 0.084375 0.112500
8 0.450781 0.621875 0.098437 0.131250
17 0.078125 0.797917 0.106250 0.141667
18 0.302344 0.157292 0.085938 0.114583
8 0.760156 0.380208 0.107813 0.143750
12 0.356250 0.775000 0.084375 0.112500
9 0.160156 0.121875 0.079687 0.106250
9 0.488281 0.869792 0.107813 0.143750
10 0.325781 0.284375 0.085938 0.114583
16 0.892188 0.510417 0.118750 0.158333
