6 0.339062 0.685417 0.078125 0.104167
16 0.784375 0.552083 0.090625 0.120833
12 0.936719 0.636458 0.095312 0.127083
12 0.784375 0.406250 0.087500 0.116667
17 0.718750 0.183333 0.078125 0.104167
9 0.408594 0.892708 0.082812 0.110417
10 0.425781 0.767708 0.079687 0.106250
12 0.218750 0.331250 0.090625 0.120833
17 0.479687 0.150000 0.087500 0.116667
3 0.066406 0.226042 0.070312 0.093750
8 0.189844 0.496875 0.117188 0.156250
4 0.612500 0.456250 0.087500 0.116667
20 0.655469 0.651042 0.117188 0.156250
