11 0.467187 0.254167 0.093750 0.125000
18 0.317969 0.248958 0.092188 0.122917
9 0.212500 0.875000 0.084375 0.112500
17 0.566406 0.467708 0.117188 0.156250
11 0.727344 0.236458 0.104688 0.139583
17 0.439063 0.431250 0.084375 0.112500
20 0.694531 0.648958 0.073438 0.097917
12 0.148438 0.612500 0.090625 0.120833
11 0.625781 0.834375 0.098437 0.131250
16 0.714063 0.512500 0.096875 0.129167
15 0.419531 0.688542 0.092188 0.122917
16 0.912500 0.727083 0.096875 0.129167
14 0.848437 0.450000 0.118750 0.158333
