12 0.728906 0.884375 0.107813 0.143750
16 0.438281 0.276042 0.104688 0.139583
9 0.882812 0.629167 0.084375 0.112500
15 0.546875 0.687500 0.071875 0.095833
3 0.266406 0.126042 0.079687 0.106250
9 0.707812 0.495833 0.103125 0.137500
17 0.318750 0.397917 0.093750 0.125000
16 0.139844 0.203125 0.082812 0.110417
9 0.762500 0.104167 0.075000 0.100000
17 0.103125 0.372917 0.093750 0.125000
16 0.246875 0.579167 0.112500 0.150000
6 0.649219 0.098958 0.114062 0.152083
6 0.461719 0.836458 0.107813 0.143750
