6 0.432812 0.737500 0.084375 0.112500
16 0.674219 0.280208 0.114062 0.152083
19 0.733594 0.421875 0.089063 0.118750
8 0.381250 0.606250 0.093750 0.125000
6 0.569531 0.865625 0.098437 0.131250
12 0.865625 0.735417 0.087500 0.116667
6 0.087500 0.752083 0.084375 0.112500
16 0.845313 0.137500 0.084375 0.112500
15 0.292187 0.272917 0.118750 0.158333
19 0.940625 0.345833 0.078125 0.104167
17 0.409375 0.912500 0.118750 0.158333
12 0.878125 0.514583 0.118750 0.158333
0 0.391406 0.426042 0.095312 0.127083
