8 0.946875 0.370833 0.090625 0.120833
5 0.576562 0.414583 0.096875 0.129167
3 0.825000 0.875000 0.087500 0.116667
11 0.641406 0.138542 0.092188 0.122917
9 0.244531 0.605208 0.095312 0.127083
17 0.130469 0.242708 0.107813 0.143750
12 0.442969 0.509375 0.082812 0.110417
9 0.735938 0.693750 0.109375 0.145833
18 0.390625 0.716667 0.112500 0.150000
6 0.727344 0.367708 0.110937 0.147917
8 0.471875 0.270833 0.093750 0.125000
17 0.891406 0.067708 0.082812 0.110417
17 0.346875 0.306250 0.109375 0.145833
