14 0.220312 0.162500 0.103125 0.137500
12 0.407813 0.304167 0.078125 0.104167
17 0.353906 0.142708 0.095312 0.127083
4 0.814063 0.314583 0.112500 0.150000
12 0.644531 0.121875 0.117188 0.156250
16 0.283594 0.790625 0.114062 0.152083
12 0.564844 0.609375 0.089063 0.118750
12 0.160938 0.343750 0.096875 0.129167
9 0.803125 0.929167 0.093750 0.125000
2 0.928125 0.627083 0.084375 0.112500
3 0.598437 0.745833 0.112500 0.150000
10 0.934375 0.262500 0.081250 0.108333
17 0.469531 0.105208 0.098437 0.131250
