12 0.848437 0.539583 0.100000 0.133333
6 0.382031 0.782292 0.098437 0.131250
4 0.240625 0.595833 0.115625 0.154167
15 0.120313 0.285417 0.087500 0.116667
9 0.110156 0.634375 0.104688 0.139583
0 0.117969 0.838542 0.095312 0.127083
12 0.557813 0.320833 0.096875 0.129167
2 0.669531 0.838542 0.117188 0.156250
0 0.569531 0.451042 0.076563 0.102083
15 0.410156 0.421875 0.073438 0.097917
15 0.918750 0.302083 0.106250 0.141667
9 0.649219 0.117708 0.085938 0.114583
16 0.900000 0.137500 0.109375 0.145833
