18 0.771875 0.454167 0.093750 0.125000
5 0.614062 0.677083 0.112500 0.150000
15 0.893750 0.820833 0.090625 0.120833
6 0.086719 0.663542 0.107813 0.143750
10 0.735938 0.114583 0.096875 0.129167
8 0.340625 0.697917 0.087500 0.116667
8 0.900781 0.296875 0.070312 0.093750
11 0.305469 0.298958 0.101562 0.135417
10 0.493750 0.297917 0.103125 0.137500
12 0.926562 0.175000 0.103125 0.137500
9 0.624219 0.294792 0.073438 0.097917
8 0.105469 0.451042 0.107813 0.143750
8 0.217969 0.159375 0.092188 0.122917
