6 0.771094 0.130208 0.095312 0.127083
11 0.167187 0.822917 0.096875 0.129167
12 0.183594 0.196875 0.101562 0.135417
16 0.333594 0.838542 0.089063 0.118750
8 0.549219 0.911458 0.107813 0.143750
21 0.269531 0.065625 0.079687 0.106250
16 0.234375 0.568750 0.103125 0.137500
10 0.416406 0.403125 0.085938 0.114583
9 0.828906 0.788542 0.104688 0.139583
15 0.302344 0.305208 0.085938 0.114583
16 0.710156 0.846875 0.076563 0.102083
15 0.562500 0.135417 0.078125 0.104167
12 0.817187 0.564583 0.078125 0.104167
