17 0.171875 0.631250 0.112500 0.150000
6 0.060937 0.560417 0.100000 0.133333
15 0.886719 0.934375 0.073438 0.097917
17 0.742969 0.117708 0.101562 0.135417
19 0.761719 0.915625 0.079687 0.106250
8 0.164844 0.205208 0.107813 0.143750
12 0.785156 0.663542 0.114062 0.152083
17 0.560156 0.103125 0.070312 0.093750
15 0.853906 0.136458 0.079687 0.106250
9 0.528906 0.426042 0.079687 0.106250
17 0.746094 0.417708 0.073438 0.097917
3 0.349219 0.855208 0.101562 0.135417
8 0.103906 0.357292 0.073438 0.097917
