18 0.077344 0.536458 0.098437 0.131250
17 0.561719 0.263542 0.082812 0.110417
6 0.368750 0.543750 0.087500 0.116667
8 0.672656 0.757292 0.110937 0.147917
6 0.157031 0.907292 0.085938 0.114583
17 0.421875 0.397917 0.115625 0.154167
15 0.925000 0.783333 0.118750 0.158333
11 0.246875 0.137500 0.093750 0.125000
16 0.790625 0.656250 0.071875 0.095833
15 0.285938 0.933333 0.075000 0.100000
16 0.457813 0.093750 0.106250 0.141667
14 0.687500 0.427083 0.100000 0.133333
11 0.446875 0.920833 0.100000 0.133333
