10 0.664844 0.171875 0.070312 0.093750
17 0.949219 0.286458 0.098437 0.131250
6 0.672656 0.753125 0.107813 0.143750
16 0.407031 0.373958 0.101562 0.135417
17 0.331250 0.791667 0.109375 0.145833
12 0.236719 0.073958 0.101562 0.135417
18 0.489063 0.752083 0.100000 0.133333
6 0.855469 0.609375 0.117188 0.156250
12 0.248438 0.387500 0.071875 0.095833
17 0.717969 0.392708 0.107813 0.143750
18 0.892969 0.048958 0.073438 0.097917
12 0.121875 0.187500 0.093750 0.125000
15 0.522656 0.311458 0.101562 0.135417
