17 0.541406 0.917708 0.085938 0.114583
3 0.162500 0.693750 0.103125 0.137500
17 0.728125 0.614583 0.071875 0.095833
17 0.259375 0.464583 0.081250 0.108333
9 0.625781 0.430208 0.107813 0.143750
17 0.680469 0.186458 0.107813 0.143750
17 0.109375 0.502083 0.090625 0.120833
0 0.624219 0.655208 0.117188 0.156250
7 0.886719 0.201042 0.085938 0.114583
17 0.187500 0.818750 0.071875 0.095833
8 0.466406 0.442708 0.089063 0.118750
20 0.335938 0.233333 0.090625 0.120833
4 0.365625 0.547917 0.109375 0.145833
