8 0.385937 0.875000 0.078125 0.104167
15 0.768750 0.614583 0.093750 0.125000
17 0.178125 0.331250 0.118750 0.158333
15 0.642969 0.519792 0.070312 0.093750
8 0.778125 0.077083 0.068750 0.091667
8 0.942969 0.273958 0.085938 0.114583
7 0.612500 0.250000 0.118750 0.158333
6 0.345313 0.364583 0.115625 0.154167
8 0.546094 0.086458 0.095312 0.127083
17 0.886719 0.561458 0.073438 0.097917
16 0.900000 0.852083 0.106250 0.141667
11 0.961719 0.513542 0.070312 0.093750
17 0.749219 0.228125 0.104688 0.139583
