17 0.787500 0.593750 0.087500 0.116667
10 0.179688 0.554167 0.096875 0.129167
17 0.672656 0.796875 0.085938 0.114583
6 0.060937 0.835417 0.071875 0.095833
12 0.073438 0.487500 0.075000 0.100000
15 0.144531 0.369792 0.098437 0.131250
1 0.393750 0.106250 0.100000 0.133333
17 0.298438 0.706250 0.090625 0.120833
12 0.939844 0.715625 0.114062 0.152083
9 0.595313 0.522917 0.106250 0.141667
16 0.464844 0.348958 0.076563 0.102083
9 0.704688 0.310417 0.093750 0.125000
6 0.550000 0.750000 0.081250 0.108333
