17 0.455469 0.098958 0.089063 0.118750
19 0.777344 0.757292 0.104688 0.139583
9 0.389844 0.811458 0.101562 0.135417
9 0.109375 0.531250 0.103125 0.137500
12 0.917969 0.532292 0.079687 0.106250
14 0.264844 0.532292 0.076563 0.102083
15 0.572656 0.132292 0.082812 0.110417
10 0.808594 0.569792 0.117188 0.156250
4 0.688281 0.313542 0.070312 0.093750
6 0.700000 0.568750 0.081250 0.108333
8 0.490625 0.904167 0.081250 0.108333
3 0.202344 0.378125 0.098437 0.131250
15 0.909375 0.806250 0.118750 0.158333
