17 0.714063 0.552083 0.109375 0.145833
10 0.492188 0.550000 0.075000 0.100000
3 0.453906 0.251042 0.085938 0.114583
17 0.258594 0.107292 0.082812 0.110417
17 0.150781 0.334375 0.089063 0.118750
17 0.875000 0.870833 0.071875 0.095833
8 0.554688 0.193750 0.078125 0.104167
9 0.177344 0.657292 0.101562 0.135417
8 0.274219 0.896875 0.079687 0.106250
17 0.714063 0.847917 0.096875 0.129167
4 0.135937 0.468750 0.078125 0.104167
13 0.896875 0.266667 0.115625 0.154167
19 0.772656 0.417708 0.073438 0.097917
