8 0.890625 0.662500 0.084375 0.112500
6 0.382812 0.429167 0.075000 0.100000
12 0.526563 0.460417 0.078125 0.104167
4 0.557813 0.935417 0.087500 0.116667
15 0.417187 0.610417 0.084375 0.112500
17 0.599219 0.792708 0.082812 0.110417
9 0.946875 0.331250 0.096875 0.129167
17 0.157812 0.843750 0.109375 0.145833
17 0.192188 0.631250 0.090625 0.120833
8 0.757812 0.335417 0.115625 0.154167
13 0.620313 0.312500 0.112500 0.150000
10 0.159375 0.477083 0.087500 0.116667
17 0.217188 0.245833 0.100000 0.133333
