9 0.678125 0.391667 0.096875 0.129167
0 0.107813 0.591667 0.093750 0.125000
19 0.770312 0.104167 0.071875 0.095833
18 0.290625 0.272917 0.100000 0.133333
1 0.440625 0.731250 0.106250 0.141667
17 0.063281 0.436458 0.104688 0.139583
14 0.920312 0.529167 0.118750 0.158333
19 0.314844 0.113542 0.073438 0.097917
17 0.832812 0.670833 0.078125 0.104167
16 0.193750 0.808333 0.106250 0.141667
20 0.446094 0.367708 0.110937 0.147917
9 0.243750 0.600000 0.118750 0.158333
17 0.657031 0.546875 0.085938 0.114583
