12 0.259375 0.520833 0.112500 0.150000
6 0.517188 0.191667 0.100000 0.133333
5 0.707812 0.912500 0.106250 0.141667
17 0.807031 0.117708 0.095312 0.127083
15 0.363281 0.471875 0.076563 0.102083
16 0.731250 0.693750 0.093750 0.125000
12 0.700781 0.163542 0.095312 0.127083
14 0.812500 0.516667 0.084375 0.112500
12 0.487500 0.697917 0.106250 0.141667
13 0.914844 0.617708 0.095312 0.127083
17 0.313281 0.071875 0.098437 0.131250
6 0.928906 0.161458 0.076563 0.102083
16 0.362500 0.750000 0.096875 0.129167
