9 0.310937 0.650000 0.106250 0.141667
12 0.880469 0.615625 0.079687 0.106250
9 0.240625 0.175000 0.115625 0.154167
10 0.704688 0.729167 0.090625 0.120833
8 0.440625 0.152083 0.112500 0.150000
6 0.748437 0.177083 0.078125 0.104167
17 0.397656 0.853125 0.082812 0.110417
18 0.851562 0.212500 0.103125 0.137500
6 0.292187 0.852083 0.084375 0.112500
12 0.730469 0.380208 0.085938 0.114583
4 0.575000 0.154167 0.100000 0.133333
15 0.480469 0.696875 0.079687 0.106250
16 0.943750 0.910417 0.103125 0.137500
