9 0.350781 0.419792 0.085938 0.114583
9 0.741406 0.507292 0.079687 0.106250
6 0.070312 0.883333 0.078125 0.104167
12 0.892188 0.697917 0.118750 0.158333
16 0.639062 0.895833 0.103125 0.137500
8 0.098437 0.193750 0.100000 0.133333
19 0.776563 0.060417 0.084375 0.112500
12 0.446094 0.196875 0.082812 0.110417
6 0.578125 0.483333 0.084375 0.112500
16 0.201563 0.304167 0.093750 0.125000
6 0.389844 0.915625 0.107813 0.143750
18 0.199219 0.542708 0.092188 0.122917
15 0.945312 0.429167 0.081250 0.108333
