10 0.296875 0.554167 0.118750 0.158333
11 0.191406 0.507292 0.076563 0.102083
15 0.502344 0.484375 0.095312 0.127083
16 0.314063 0.318750 0.103125 0.137500
6 0.586719 0.659375 0.089063 0.118750
19 0.745313 0.266667 0.087500 0.116667
17 0.228125 0.097917 0.087500 0.116667
9 0.434375 0.754167 0.093750 0.125000
12 0.324219 0.078125 0.092188 0.122917
8 0.781250 0.718750 0.087500 0.116667
9 0.483594 0.223958 0.117188 0.156250
8 0.600781 0.182292 0.098437 0.131250
6 0.545312 0.779167 0.087500 0.116667
