12 0.667969 0.838542 0.117188 0.156250
16 0.053125 0.202083 0.100000 0.133333
15 0.672656 0.415625 0.070312 0.093750
11 0.700000 0.556250 0.118750 0.158333
15 0.317969 0.357292 0.101562 0.135417
16 0.064844 0.932292 0.101562 0.135417
3 0.559375 0.270833 0.087500 0.116667
17 0.206250 0.477083 0.109375 0.145833
17 0.350781 0.840625 0.095312 0.127083
6 0.841406 0.532292 0.073438 0.097917
15 0.423438 0.558333 0.078125 0.104167
8 0.267969 0.126042 0.107813 0.143750
17 0.880469 0.284375 0.089063 0.118750
