17 0.132031 0.621875 0.092188 0.122917
8 0.595313 0.737500 0.115625 0.154167
12 0.372656 0.521875 0.114062 0.152083
0 0.764844 0.428125 0.107813 0.143750
11 0.642188 0.206250 0.075000 0.100000
8 0.331250 0.143750 0.087500 0.116667
16 0.610156 0.384375 0.101562 0.135417
5 0.835938 0.677083 0.103125 0.137500
11 0.477344 0.648958 0.079687 0.106250
11 0.140625 0.850000 0.112500 0.150000
16 0.251563 0.389583 0.103125 0.137500
16 0.313281 0.909375 0.073438 0.097917
3 0.473438 0.787500 0.112500 0.150000
