11 0.542188 0.531250 0.115625 0.154167
17 0.803906 0.221875 0.070312 0.093750
9 0.407031 0.132292 0.085938 0.114583
17 0.480469 0.705208 0.101562 0.135417
17 0.600000 0.245833 0.078125 0.104167
17 0.927344 0.192708 0.117188 0.156250
3 0.135156 0.317708 0.104688 0.139583
8 0.307031 0.490625 0.098437 0.131250
15 0.293750 0.270833 0.103125 0.137500
6 0.918750 0.525000 0.112500 0.150000
11 0.731250 0.593750 0.087500 0.116667
17 0.689844 0.132292 0.085938 0.114583
17 0.421875 0.852083 0.081250 0.108333
