3 0.280469 0.892708 0.104688 0.139583
8 0.583594 0.255208 0.092188 0.122917
8 0.087500 0.475000 0.096875 0.129167
16 0.548438 0.504167 0.087500 0.116667
16 0.603906 0.096875 0.073438 0.097917
15 0.776563 0.675000 0.071875 0.095833
16 0.275781 0.146875 0.082812 0.110417
13 0.841406 0.365625 0.104688 0.139583
12 0.092969 0.109375 0.104688 0.139583
6 0.272656 0.434375 0.110937 0.147917
17 0.605469 0.934375 0.089063 0.118750
15 0.714063 0.525000 0.115625 0.154167
19 0.176563 0.739583 0.087500 0.116667
