11 0.679688 0.268750 0.087500 0.116667
11 0.944531 0.861458 0.085938 0.114583
6 0.292187 0.754167 0.109375 0.145833
14 0.698438 0.931250 0.081250 0.108333
19 0.336719 0.378125 0.117188 0.156250
9 0.232031 0.161458 0.085938 0.114583
0 0.567969 0.263542 0.082812 0.110417
17 0.869531 0.086458 0.117188 0.156250
21 0.630469 0.557292 0.117188 0.156250
6 0.069531 0.267708 0.076563 0.102083
3 0.935156 0.657292 0.089063 0.118750
13 0.439063 0.837500 0.103125 0.137500
16 0.857812 0.410417 0.106250 0.141667
