16 0.857812 0.479167 0.084375 0.112500
1 0.289062 0.666667 0.103125 0.137500
17 0.548438 0.581250 0.109375 0.145833
17 0.639062 0.727083 0.093750 0.125000
15 0.221875 0.431250 0.081250 0.108333
15 0.214062 0.235417 0.093750 0.125000
17 0.779687 0.716667 0.093750 0.125000
12 0.930469 0.211458 0.117188 0.156250
15 0.261719 0.815625 0.076563 0.102083
12 0.475781 0.380208 0.082812 0.110417
6 0.443750 0.666667 0.084375 0.112500
8 0.714063 0.300000 0.106250 0.141667
19 0.921094 0.859375 0.114062 0.152083
