11 0.217969 0.492708 0.114062 0.152083
9 0.235937 0.870833 0.112500 0.150000
6 0.453125 0.877083 0.084375 0.112500
6 0.382812 0.425000 0.093750 0.125000
17 0.142187 0.304167 0.075000 0.100000
4 0.057813 0.287500 0.078125 0.104167
12 0.628125 0.089583 0.081250 0.108333
12 0.939063 0.906250 0.075000 0.100000
15 0.412500 0.150000 0.087500 0.116667
12 0.518750 0.506250 0.106250 0.141667
16 0.775000 0.270833 0.100000 0.133333
19 0.250000 0.316667 0.103125 0.137500
12 0.717969 0.890625 0.117188 0.156250
