10 0.788281 0.471875 0.114062 0.152083
21 0.073438 0.245833 0.081250 0.108333
9 0.221094 0.840625 0.095312 0.127083
11 0.079687 0.420833 0.118750 0.158333
12 0.846094 0.273958 0.070312 0.093750
14 0.735938 0.677083 0.118750 0.158333
17 0.449219 0.930208 0.085938 0.114583
6 0.323437 0.262500 0.087500 0.116667
9 0.553125 0.527083 0.106250 0.141667
17 0.926562 0.745833 0.090625 0.120833
6 0.227344 0.363542 0.101562 0.135417
6 0.072656 0.869792 0.098437 0.131250
17 0.596875 0.308333 0.081250 0.108333
