17 0.073438 0.585417 0.112500 0.150000
17 0.191406 0.873958 0.082812 0.110417
9 0.856250 0.925000 0.075000 0.100000
6 0.541406 0.486458 0.089063 0.118750
12 0.485156 0.761458 0.101562 0.135417
12 0.885156 0.421875 0.079687 0.106250
4 0.218750 0.364583 0.115625 0.154167
6 0.158594 0.084375 0.098437 0.131250
17 0.945312 0.664583 0.096875 0.129167
12 0.753125 0.847917 0.106250 0.141667
12 0.323437 0.552083 0.093750 0.125000
5 0.413281 0.201042 0.114062 0.152083
8 0.074219 0.813542 0.098437 0.131250
