12 0.289062 0.712500 0.115625 0.154167
10 0.235937 0.514583 0.087500 0.116667
12 0.925781 0.880208 0.098437 0.131250
11 0.653125 0.106250 0.075000 0.100000
2 0.757031 0.915625 0.114062 0.152083
20 0.764844 0.119792 0.092188 0.122917
15 0.774219 0.578125 0.107813 0.143750
9 0.881250 0.227083 0.084375 0.112500
10 0.300781 0.896875 0.082812 0.110417
17 0.674219 0.719792 0.101562 0.135417
11 0.764062 0.260417 0.078125 0.104167
9 0.509375 0.481250 0.109375 0.145833
15 0.945312 0.600000 0.068750 0.091667
