8 0.728906 0.492708 0.095312 0.127083
2 0.541406 0.571875 0.073438 0.097917
8 0.620313 0.154167 0.118750 0.158333
6 0.321875 0.216667 0.109375 0.145833
9 0.438281 0.078125 0.073438 0.097917
17 0.203125 0.714583 0.106250 0.141667
6 0.121875 0.189583 0.103125 0.137500
12 0.821875 0.327083 0.081250 0.108333
10 0.478906 0.765625 0.117188 0.156250
3 0.916406 0.180208 0.114062 0.152083
12 0.053125 0.560417 0.100000 0.133333
15 0.733594 0.180208 0.089063 0.118750
15 0.500781 0.359375 0.117188 0.156250
