8 0.749219 0.557292 0.073438 0.097917
17 0.603906 0.521875 0.104688 0.139583
8 0.326562 0.243750 0.078125 0.104167
17 0.588281 0.780208 0.104688 0.139583
15 0.046094 0.421875 0.076563 0.102083
16 0.919531 0.073958 0.107813 0.143750
15 0.646875 0.075000 0.106250 0.141667
6 0.717187 0.247917 0.106250 0.141667
1 0.249219 0.401042 0.107813 0.143750
0 0.282031 0.761458 0.101562 0.135417
11 0.873437 0.645833 0.112500 0.150000
16 0.133594 0.119792 0.085938 0.114583
12 0.753125 0.870833 0.096875 0.129167
