14 0.522656 0.588542 0.095312 0.127083
11 0.236719 0.630208 0.110937 0.147917
15 0.114062 0.081250 0.090625 0.120833
17 0.691406 0.382292 0.092188 0.122917
18 0.764844 0.173958 0.104688 0.139583
5 0.271875 0.264583 0.078125 0.104167
16 0.937500 0.762500 0.075000 0.100000
9 0.217969 0.451042 0.098437 0.131250
17 0.629687 0.129167 0.081250 0.108333
12 0.837500 0.735417 0.100000 0.133333
17 0.512500 0.091667 0.118750 0.158333
3 0.889062 0.516667 0.118750 0.158333
6 0.888281 0.896875 0.110937 0.147917
