10 0.202344 0.911458 0.098437 0.131250
8 0.139844 0.369792 0.101562 0.135417
17 0.335156 0.276042 0.076563 0.102083
19 0.499219 0.471875 0.101562 0.135417
16 0.917969 0.769792 0.092188 0.122917
6 0.774219 0.446875 0.098437 0.131250
19 0.771094 0.201042 0.107813 0.143750
0 0.346094 0.613542 0.117188 0.156250
17 0.897656 0.296875 0.117188 0.156250
0 0.053906 0.598958 0.098437 0.131250
17 0.621094 0.240625 0.107813 0.143750
12 0.386719 0.911458 0.098437 0.131250
0 0.253125 0.097917 0.093750 0.125000
