17 0.757031 0.863542 0.089063 0.118750
10 0.229687 0.683333 0.109375 0.145833
17 0.077344 0.238542 0.107813 0.143750
20 0.742188 0.681250 0.100000 0.133333
6 0.804688 0.466667 0.109375 0.145833
6 0.644531 0.507292 0.095312 0.127083
6 0.489063 0.129167 0.075000 0.100000
18 0.129688 0.502083 0.078125 0.104167
17 0.843750 0.097917 0.103125 0.137500
16 0.496875 0.852083 0.090625 0.120833
16 0.620313 0.818750 0.106250 0.141667
14 0.288281 0.315625 0.117188 0.156250
12 0.552344 0.286458 0.082812 0.110417
