20 0.528125 0.158333 0.093750 0.125000
2 0.178906 0.392708 0.098437 0.131250
17 0.514062 0.558333 0.100000 0.133333
15 0.364063 0.356250 0.106250 0.141667
16 0.789062 0.643750 0.090625 0.120833
16 0.185938 0.606250 0.068750 0.091667
6 0.397656 0.888542 0.073438 0.097917
12 0.810156 0.369792 0.117188 0.156250
1 0.053906 0.307292 0.073438 0.097917
15 0.138281 0.890625 0.089063 0.118750
9 0.856250 0.906250 0.103125 0.137500
3 0.625781 0.596875 0.104688 0.139583
0 0.728906 0.788542 0.082812 0.110417
