15 0.305469 0.298958 0.107813 0.143750
17 0.071094 0.223958 0.089063 0.118750
18 0.453906 0.682292 0.079687 0.106250
6 0.915625 0.639583 0.075000 0.100000
6 0.704688 0.343750 0.090625 0.120833
17 0.374219 0.519792 0.098437 0.131250
17 0.820312 0.816667 0.084375 0.112500
12 0.481250 0.879167 0.081250 0.108333
17 0.139844 0.871875 0.073438 0.097917
9 0.214844 0.701042 0.070312 0.093750
9 0.705469 0.669792 0.095312 0.127083
16 0.813281 0.205208 0.101562 0.135417
8 0.432031 0.242708 0.070312 0.093750
