12 0.694531 0.548958 0.076563 0.102083
15 0.571875 0.179167 0.090625 0.120833
11 0.149219 0.569792 0.107813 0.143750
17 0.788281 0.094792 0.076563 0.102083
9 0.879687 0.595833 0.075000 0.100000
12 0.326562 0.218750 0.081250 0.108333
3 0.324219 0.071875 0.095312 0.127083
17 0.384375 0.806250 0.118750 0.158333
8 0.239063 0.845833 0.078125 0.104167
21 0.591406 0.592708 0.076563 0.102083
15 0.087500 0.245833 0.115625 0.154167
12 0.267188 0.425000 0.087500 0.116667
10 0.821875 0.439583 0.118750 0.158333
