11 0.150000 0.804167 0.081250 0.108333
6 0.457813 0.845833 0.118750 0.158333
15 0.667188 0.145833 0.071875 0.095833
12 0.743750 0.862500 0.090625 0.120833
16 0.482812 0.516667 0.112500 0.150000
11 0.343750 0.679167 0.115625 0.154167
7 0.121875 0.602083 0.115625 0.154167
17 0.575781 0.813542 0.085938 0.114583
12 0.641406 0.592708 0.101562 0.135417
9 0.179688 0.260417 0.078125 0.104167
17 0.725781 0.748958 0.070312 0.093750
15 0.878906 0.507292 0.117188 0.156250
8 0.168750 0.414583 0.090625 0.120833
