15 0.175781 0.748958 0.082812 0.110417
0 0.635938 0.720833 0.103125 0.137500
9 0.262500 0.562500 0.118750 0.158333
15 0.667188 0.345833 0.109375 0.145833
12 0.896875 0.372917 0.100000 0.133333
9 0.425781 0.480208 0.092188 0.122917
17 0.553125 0.208333 0.084375 0.112500
18 0.402344 0.640625 0.114062 0.152083
8 0.053906 0.365625 0.079687 0.106250
2 0.792188 0.204167 0.087500 0.116667
3 0.892188 0.768750 0.071875 0.095833
19 0.531250 0.891667 0.100000 0.133333
11 0.305469 0.148958 0.110937 0.147917
