5 0.718750 0.693750 0.093750 0.125000
17 0.153125 0.433333 0.109375 0.145833
16 0.313281 0.498958 0.098437 0.131250
6 0.481250 0.416667 0.090625 0.120833
0 0.585156 0.819792 0.095312 0.127083
17 0.653906 0.101042 0.104688 0.139583
6 0.717969 0.282292 0.117188 0.156250
18 0.922656 0.119792 0.082812 0.110417
18 0.221094 0.261458 0.098437 0.131250
15 0.095312 0.114583 0.103125 0.137500
15 0.448437 0.916667 0.071875 0.095833
15 0.434375 0.227083 0.096875 0.129167
0 0.564844 0.688542 0.079687 0.106250
