17 0.382812 0.156250 0.096875 0.129167
6 0.515625 0.206250 0.071875 0.095833
9 0.399219 0.901042 0.082812 0.110417
15 0.344531 0.478125 0.104688 0.139583
17 0.830469 0.221875 0.095312 0.127083
17 0.809375 0.910417 0.093750 0.125000
12 0.120313 0.504167 0.115625 0.154167
8 0.642188 0.168750 0.109375 0.145833
12 0.688281 0.451042 0.107813 0.143750
17 0.583594 0.386458 0.082812 0.110417
16 0.190625 0.697917 0.112500 0.150000
17 0.110937 0.162500 0.118750 0.158333
10 0.647656 0.748958 0.117188 0.156250
