7 0.367188 0.766667 0.084375 0.112500
12 0.068750 0.927083 0.075000 0.100000
12 0.836719 0.298958 0.092188 0.122917
9 0.258594 0.359375 0.070312 0.093750
10 0.707812 0.331250 0.093750 0.125000
6 0.040625 0.247917 0.081250 0.108333
19 0.501563 0.514583 0.081250 0.108333
12 0.185938 0.643750 0.090625 0.120833
6 0.477344 0.234375 0.095312 0.127083
0 0.655469 0.730208 0.082812 0.110417
15 0.939063 0.706250 0.096875 0.129167
9 0.072656 0.673958 0.107813 0.143750
8 0.307031 0.569792 0.104688 0.139583
