12 0.253125 0.418750 0.118750 0.158333
17 0.157812 0.216667 0.100000 0.133333
15 0.419531 0.861458 0.079687 0.106250
11 0.524219 0.813542 0.079687 0.106250
9 0.275000 0.287500 0.071875 0.095833
6 0.107031 0.571875 0.117188 0.156250
19 0.070312 0.431250 0.081250 0.108333
12 0.705469 0.328125 0.092188 0.122917
8 0.116406 0.803125 0.095312 0.127083
3 0.560937 0.158333 0.106250 0.141667
17 0.571875 0.679167 0.100000 0.133333
17 0.751563 0.850000 0.103125 0.137500
21 0.937500 0.875000 0.093750 0.125000
