9 0.521875 0.233333 0.103125 0.137500
12 0.275000 0.897917 0.096875 0.129167
8 0.150781 0.940625 0.070312 0.093750
0 0.890625 0.779167 0.087500 0.116667
9 0.509375 0.581250 0.078125 0.104167
8 0.939063 0.193750 0.106250 0.141667
9 0.349219 0.155208 0.076563 0.102083
11 0.734375 0.325000 0.078125 0.104167
8 0.485156 0.819792 0.082812 0.110417
15 0.651563 0.364583 0.071875 0.095833
17 0.187500 0.708333 0.115625 0.154167
10 0.437500 0.435417 0.071875 0.095833
17 0.667188 0.625000 0.090625 0.120833
