9 0.950781 0.319792 0.089063 0.118750
14 0.834375 0.222917 0.090625 0.120833
18 0.660937 0.822917 0.093750 0.125000
15 0.839063 0.535417 0.112500 0.150000
6 0.350781 0.521875 0.095312 0.127083
4 0.142187 0.825000 0.081250 0.108333
16 0.301563 0.808333 0.096875 0.129167
1 0.847656 0.759375 0.095312 0.127083
12 0.185938 0.133333 0.109375 0.145833
12 0.722656 0.521875 0.104688 0.139583
3 0.660156 0.211458 0.089063 0.118750
9 0.076563 0.347917 0.081250 0.108333
17 0.398438 0.337500 0.078125 0.104167
