12 0.067969 0.205208 0.110937 0.147917
8 0.506250 0.525000 0.112500 0.150000
18 0.506250 0.254167 0.071875 0.095833
12 0.287500 0.622917 0.109375 0.145833
9 0.885156 0.863542 0.114062 0.152083
17 0.731250 0.600000 0.090625 0.120833
12 0.489063 0.137500 0.071875 0.095833
17 0.453125 0.883333 0.109375 0.145833
4 0.303906 0.261458 0.079687 0.106250
6 0.881250 0.314583 0.106250 0.141667
12 0.259375 0.881250 0.071875 0.095833
15 0.116406 0.640625 0.089063 0.118750
8 0.543750 0.735417 0.093750 0.125000
