16 0.706250 0.697917 0.106250 0.141667
1 0.692969 0.857292 0.095312 0.127083
8 0.082031 0.613542 0.098437 0.131250
4 0.439063 0.931250 0.075000 0.100000
9 0.307031 0.234375 0.098437 0.131250
12 0.060156 0.194792 0.110937 0.147917
4 0.641406 0.528125 0.085938 0.114583
17 0.632031 0.284375 0.095312 0.127083
15 0.238281 0.871875 0.085938 0.114583
12 0.842969 0.155208 0.101562 0.135417
13 0.255469 0.526042 0.073438 0.097917
6 0.535156 0.167708 0.070312 0.093750
7 0.396094 0.430208 0.095312 0.127083
