15 0.951562 0.241667 0.096875 0.129167
8 0.264062 0.189583 0.096875 0.129167
8 0.484375 0.677083 0.100000 0.133333
4 0.897656 0.717708 0.085938 0.114583
11 0.244531 0.867708 0.073438 0.097917
4 0.496094 0.813542 0.089063 0.118750
6 0.083594 0.861458 0.070312 0.093750
17 0.652344 0.538542 0.107813 0.143750
16 0.103125 0.612500 0.115625 0.154167
12 0.749219 0.690625 0.082812 0.110417
0 0.356250 0.789583 0.096875 0.129167
17 0.798438 0.491667 0.075000 0.100000
9 0.389844 0.242708 0.104688 0.139583
