1 0.719531 0.188542 0.073438 0.097917
17 0.165625 0.675000 0.093750 0.125000
15 0.698438 0.922917 0.100000 0.133333
14 0.794531 0.423958 0.085938 0.114583
5 0.961719 0.390625 0.076563 0.102083
8 0.821875 0.595833 0.109375 0.145833
9 0.479687 0.518750 0.103125 0.137500
12 0.305469 0.478125 0.089063 0.118750
8 0.899219 0.896875 0.114062 0.152083
12 0.924219 0.628125 0.079687 0.106250
12 0.163281 0.921875 0.085938 0.114583
20 0.208594 0.336458 0.101562 0.135417
6 0.421094 0.859375 0.073438 0.097917
