17 0.282031 0.246875 0.114062 0.152083
8 0.648438 0.570833 0.112500 0.150000
9 0.660937 0.406250 0.087500 0.116667
14 0.774219 0.744792 0.117188 0.156250
9 0.882812 0.664583 0.087500 0.116667
7 0.644531 0.076042 0.082812 0.110417
18 0.558594 0.301042 0.092188 0.122917
12 0.425781 0.803125 0.107813 0.143750
2 0.125000 0.868750 0.118750 0.158333
17 0.264844 0.778125 0.082812 0.110417
5 0.895312 0.791667 0.078125 0.104167
9 0.934375 0.104167 0.118750 0.158333
18 0.899219 0.423958 0.104688 0.139583
