12 0.909375 0.916667 0.096875 0.129167
1 0.185938 0.460417 0.068750 0.091667
9 0.720313 0.352083 0.075000 0.100000
19 0.078125 0.604167 0.115625 0.154167
17 0.857031 0.446875 0.079687 0.106250
15 0.323437 0.487500 0.078125 0.104167
9 0.815625 0.233333 0.084375 0.112500
8 0.782813 0.087500 0.100000 0.133333
14 0.729688 0.597917 0.068750 0.091667
17 0.085938 0.406250 0.100000 0.133333
9 0.799219 0.730208 0.110937 0.147917
18 0.505469 0.517708 0.070312 0.093750
3 0.198437 0.595833 0.087500 0.116667
