6 0.431250 0.235417 0.118750 0.158333
16 0.697656 0.540625 0.104688 0.139583
12 0.246875 0.131250 0.106250 0.141667
6 0.757812 0.760417 0.090625 0.120833
4 0.600000 0.337500 0.096875 0.129167
12 0.156250 0.616667 0.071875 0.095833
12 0.756250 0.916667 0.115625 0.154167
0 0.575000 0.679167 0.090625 0.120833
17 0.175000 0.910417 0.071875 0.095833
13 0.846094 0.457292 0.107813 0.143750
6 0.885938 0.116667 0.109375 0.145833
8 0.111719 0.794792 0.079687 0.106250
14 0.600781 0.167708 0.117188 0.156250
