9 0.810156 0.332292 0.070312 0.093750
12 0.324219 0.738542 0.092188 0.122917
18 0.589063 0.797917 0.096875 0.129167
17 0.411719 0.584375 0.082812 0.110417
17 0.629687 0.410417 0.084375 0.112500
16 0.567187 0.597917 0.093750 0.125000
18 0.664062 0.931250 0.081250 0.108333
9 0.767188 0.458333 0.100000 0.133333
11 0.691406 0.165625 0.082812 0.110417
6 0.207031 0.901042 0.076563 0.102083
12 0.098437 0.856250 0.093750 0.125000
12 0.459375 0.737500 0.103125 0.137500
0 0.475000 0.904167 0.115625 0.154167
