8 0.620313 0.333333 0.078125 0.104167
8 0.933594 0.807292 0.110937 0.147917
16 0.396094 0.294792 0.082812 0.110417
11 0.171875 0.737500 0.078125 0.104167
17 0.268750 0.133333 0.068750 0.091667
6 0.574219 0.823958 0.095312 0.127083
9 0.252344 0.519792 0.070312 0.093750
17 0.939844 0.573958 0.070312 0.093750
17 0.244531 0.251042 0.076563 0.102083
17 0.946875 0.318750 0.087500 0.116667
14 0.481250 0.516667 0.112500 0.150000
8 0.776563 0.645833 0.106250 0.141667
16 0.493750 0.647917 0.071875 0.095833
