0 0.273438 0.675000 0.100000 0.133333
19 0.589063 0.439583 0.075000 0.100000
6 0.817969 0.101042 0.107813 0.143750
16 0.834375 0.779167 0.096875 0.129167
4 0.203125 0.208333 0.096875 0.129167
8 0.232031 0.394792 0.079687 0.106250
17 0.538281 0.701042 0.092188 0.122917
9 0.694531 0.123958 0.095312 0.127083
8 0.379688 0.252083 0.081250 0.108333
12 0.666406 0.788542 0.076563 0.102083
18 0.725781 0.301042 0.070312 0.093750
16 0.533594 0.278125 0.095312 0.127083
8 0.135937 0.070833 0.103125 0.137500
