19 0.824219 0.638542 0.104688 0.139583
14 0.687500 0.172917 0.090625 0.120833
9 0.342187 0.416667 0.096875 0.129167
15 0.186719 0.128125 0.107813 0.143750
13 0.466406 0.319792 0.117188 0.156250
12 0.097656 0.661458 0.089063 0.118750
15 0.323437 0.843750 0.093750 0.125000
9 0.531250 0.581250 0.090625 0.120833
18 0.888281 0.871875 0.070312 0.093750
17 0.159375 0.258333 0.081250 0.108333
7 0.669531 0.655208 0.104688 0.139583
15 0.196094 0.517708 0.070312 0.093750
6 0.919531 0.469792 0.092188 0.122917
