17 0.108594 0.823958 0.095312 0.127083
9 0.706250 0.593750 0.078125 0.104167
8 0.375000 0.177083 0.118750 0.158333
5 0.628906 0.344792 0.082812 0.110417
12 0.907031 0.701042 0.073438 0.097917
3 0.835156 0.896875 0.095312 0.127083
16 0.626563 0.731250 0.112500 0.150000
12 0.132812 0.468750 0.071875 0.095833
10 0.428906 0.840625 0.085938 0.114583
5 0.877344 0.342708 0.117188 0.156250
11 0.128906 0.665625 0.107813 0.143750
16 0.746094 0.171875 0.117188 0.156250
6 0.057813 0.302083 0.096875 0.129167
