12 0.817187 0.943750 0.078125 0.104167
12 0.377344 0.476042 0.098437 0.131250
15 0.725000 0.345833 0.071875 0.095833
8 0.214844 0.153125 0.085938 0.114583
9 0.699219 0.917708 0.089063 0.118750
6 0.650000 0.741667 0.081250 0.108333
21 0.310937 0.735417 0.093750 0.125000
18 0.703906 0.169792 0.079687 0.106250
9 0.195312 0.779167 0.078125 0.104167
3 0.643750 0.372917 0.075000 0.100000
6 0.373437 0.320833 0.090625 0.120833
8 0.443750 0.668750 0.075000 0.100000
12 0.300000 0.152083 0.078125 0.104167
