8 0.394531 0.307292 0.076563 0.102083
12 0.064062 0.154167 0.084375 0.112500
17 0.703125 0.660417 0.103125 0.137500
21 0.544531 0.828125 0.098437 0.131250
18 0.107813 0.629167 0.075000 0.100000
3 0.738281 0.213542 0.101562 0.135417
12 0.271875 0.266667 0.084375 0.112500
12 0.877344 0.730208 0.104688 0.139583
11 0.407031 0.605208 0.107813 0.143750
12 0.257031 0.755208 0.070312 0.093750
16 0.937500 0.572917 0.084375 0.112500
16 0.711719 0.365625 0.076563 0.102083
15 0.567969 0.119792 0.110937 0.147917
