11 0.117188 0.466667 0.084375 0.112500
17 0.145313 0.604167 0.100000 0.133333
11 0.557813 0.331250 0.075000 0.100000
19 0.686719 0.173958 0.079687 0.106250
0 0.410938 0.806250 0.109375 0.145833
20 0.438281 0.623958 0.117188 0.156250
15 0.239063 0.927083 0.081250 0.108333
14 0.652344 0.436458 0.101562 0.135417
12 0.332031 0.136458 0.073438 0.097917
10 0.375781 0.407292 0.098437 0.131250
16 0.582812 0.883333 0.096875 0.129167
4 0.725781 0.061458 0.076563 0.102083
11 0.287500 0.670833 0.096875 0.129167
