17 0.789844 0.836458 0.117188 0.156250
5 0.870313 0.285417 0.090625 0.120833
10 0.572656 0.186458 0.079687 0.106250
7 0.663281 0.280208 0.092188 0.122917
21 0.691406 0.063542 0.073438 0.097917
18 0.252344 0.636458 0.098437 0.131250
9 0.600781 0.855208 0.117188 0.156250
6 0.809375 0.479167 0.084375 0.112500
12 0.191406 0.423958 0.092188 0.122917
4 0.064062 0.385417 0.109375 0.145833
15 0.365625 0.247917 0.109375 0.145833
6 0.809375 0.081250 0.096875 0.129167
8 0.193750 0.081250 0.109375 0.145833
