19 0.552344 0.869792 0.085938 0.114583
19 0.115625 0.250000 0.093750 0.125000
15 0.842969 0.936458 0.089063 0.118750
15 0.279687 0.614583 0.100000 0.133333
15 0.687500 0.566667 0.090625 0.120833
10 0.327344 0.138542 0.073438 0.097917
17 0.815625 0.197917 0.096875 0.129167
12 0.771094 0.784375 0.117188 0.156250
15 0.300000 0.452083 0.109375 0.145833
6 0.237500 0.777083 0.084375 0.112500
3 0.046094 0.742708 0.076563 0.102083
10 0.488281 0.396875 0.114062 0.152083
9 0.653125 0.118750 0.109375 0.145833
