17 0.826562 0.337500 0.071875 0.095833
4 0.050000 0.435417 0.078125 0.104167
8 0.234375 0.385417 0.084375 0.112500
12 0.694531 0.532292 0.092188 0.122917
15 0.358594 0.553125 0.114062 0.152083
12 0.939063 0.181250 0.090625 0.120833
6 0.394531 0.138542 0.085938 0.114583
9 0.498437 0.362500 0.100000 0.133333
17 0.678906 0.184375 0.104688 0.139583
17 0.499219 0.778125 0.092188 0.122917
10 0.139063 0.752083 0.115625 0.154167
17 0.682813 0.410417 0.075000 0.100000
3 0.072656 0.090625 0.104688 0.139583
