9 0.199219 0.578125 0.110937 0.147917
16 0.830469 0.255208 0.073438 0.097917
12 0.525781 0.117708 0.079687 0.106250
5 0.253906 0.717708 0.070312 0.093750
17 0.450000 0.768750 0.084375 0.112500
6 0.811719 0.378125 0.095312 0.127083
15 0.629687 0.197917 0.112500 0.150000
1 0.941406 0.921875 0.107813 0.143750
17 0.650781 0.634375 0.079687 0.106250
16 0.407031 0.532292 0.076563 0.102083
16 0.183594 0.940625 0.089063 0.118750
18 0.134375 0.427083 0.090625 0.120833
10 0.625781 0.838542 0.085938 0.114583
