8 0.568750 0.535417 0.071875 0.095833
17 0.385156 0.719792 0.104688 0.139583
9 0.065625 0.766667 0.106250 0.141667
9 0.644531 0.721875 0.073438 0.097917
13 0.341406 0.455208 0.117188 0.156250
0 0.812500 0.518750 0.106250 0.141667
11 0.300781 0.113542 0.114062 0.152083
0 0.689063 0.510417 0.112500 0.150000
17 0.778125 0.710417 0.071875 0.095833
6 0.918750 0.085417 0.112500 0.150000
8 0.152344 0.363542 0.095312 0.127083
17 0.635156 0.169792 0.092188 0.122917
15 0.069531 0.148958 0.079687 0.106250
