17 0.735156 0.136458 0.104688 0.139583
8 0.223438 0.183333 0.075000 0.100000
12 0.659375 0.393750 0.075000 0.100000
8 0.847656 0.751042 0.082812 0.110417
12 0.777344 0.896875 0.079687 0.106250
9 0.332813 0.339583 0.109375 0.145833
12 0.533594 0.203125 0.098437 0.131250
15 0.343750 0.952083 0.071875 0.095833
15 0.174219 0.705208 0.114062 0.152083
0 0.644531 0.555208 0.095312 0.127083
12 0.060937 0.689583 0.081250 0.108333
18 0.860156 0.509375 0.089063 0.118750
12 0.628125 0.804167 0.084375 0.112500
