12 0.478125 0.745833 0.093750 0.125000
0 0.542188 0.062500 0.078125 0.104167
17 0.360156 0.076042 0.082812 0.110417
6 0.686719 0.465625 0.095312 0.127083
6 0.387500 0.677083 0.075000 0.100000
9 0.813281 0.290625 0.107813 0.143750
3 0.832031 0.728125 0.104688 0.139583
8 0.540625 0.602083 0.103125 0.137500
6 0.408594 0.421875 0.076563 0.102083
12 0.546875 0.393750 0.081250 0.108333
16 0.663281 0.786458 0.107813 0.143750
12 0.076563 0.145833 0.103125 0.137500
18 0.935937 0.245833 0.078125 0.104167
