8 0.947656 0.190625 0.082812 0.110417
1 0.615625 0.620833 0.106250 0.141667
6 0.077344 0.459375 0.073438 0.097917
4 0.368750 0.710417 0.071875 0.095833
19 0.602344 0.073958 0.098437 0.131250
15 0.458594 0.780208 0.079687 0.106250
17 0.753906 0.488542 0.082812 0.110417
6 0.562500 0.339583 0.106250 0.141667
17 0.266406 0.459375 0.098437 0.131250
17 0.910156 0.730208 0.095312 0.127083
16 0.058594 0.136458 0.092188 0.122917
21 0.409375 0.912500 0.071875 0.095833
11 0.766406 0.130208 0.092188 0.122917
