5 0.185938 0.222917 0.087500 0.116667
8 0.677344 0.117708 0.073438 0.097917
16 0.918750 0.775000 0.096875 0.129167
17 0.756250 0.275000 0.078125 0.104167
12 0.281250 0.491667 0.084375 0.112500
15 0.544531 0.321875 0.114062 0.152083
16 0.956250 0.066667 0.087500 0.116667
16 0.546875 0.691667 0.081250 0.108333
4 0.861719 0.346875 0.107813 0.143750
19 0.300781 0.842708 0.092188 0.122917
1 0.721875 0.564583 0.096875 0.129167
17 0.241406 0.692708 0.110937 0.147917
6 0.088281 0.640625 0.114062 0.152083
