15 0.146875 0.787500 0.106250 0.141667
17 0.449219 0.236458 0.092188 0.122917
6 0.239063 0.597917 0.093750 0.125000
9 0.310937 0.360417 0.087500 0.116667
16 0.519531 0.373958 0.092188 0.122917
6 0.560156 0.884375 0.079687 0.106250
17 0.641406 0.553125 0.073438 0.097917
17 0.763281 0.403125 0.092188 0.122917
12 0.140625 0.441667 0.071875 0.095833
8 0.717187 0.720833 0.100000 0.133333
12 0.427344 0.790625 0.082812 0.110417
17 0.785156 0.578125 0.076563 0.102083
17 0.581250 0.104167 0.106250 0.141667
