5 0.832812 0.379167 0.106250 0.141667
17 0.643750 0.633333 0.071875 0.095833
16 0.701562 0.127083 0.100000 0.133333
16 0.325781 0.440625 0.092188 0.122917
11 0.596875 0.785417 0.093750 0.125000
17 0.089844 0.559375 0.098437 0.131250
20 0.367188 0.108333 0.071875 0.095833
12 0.782813 0.877083 0.071875 0.095833
6 0.385156 0.294792 0.107813 0.143750
9 0.326562 0.841667 0.081250 0.108333
6 0.075781 0.848958 0.073438 0.097917
12 0.393750 0.691667 0.075000 0.100000
3 0.621094 0.369792 0.070312 0.093750
