17 0.664844 0.382292 0.089063 0.118750
16 0.435156 0.355208 0.092188 0.122917
15 0.739062 0.650000 0.084375 0.112500
18 0.802344 0.113542 0.107813 0.143750
8 0.896094 0.576042 0.092188 0.122917
12 0.668750 0.162500 0.087500 0.116667
15 0.541406 0.603125 0.095312 0.127083
13 0.578125 0.895833 0.087500 0.116667
17 0.903906 0.932292 0.085938 0.114583
8 0.379688 0.689583 0.093750 0.125000
4 0.377344 0.142708 0.082812 0.110417
15 0.305469 0.444792 0.070312 0.093750
9 0.566406 0.253125 0.079687 0.106250
