11 0.096875 0.387500 0.118750 0.158333
17 0.884375 0.720833 0.103125 0.137500
2 0.112500 0.610417 0.100000 0.133333
12 0.685937 0.800000 0.078125 0.104167
9 0.594531 0.328125 0.089063 0.118750
17 0.388281 0.305208 0.114062 0.152083
11 0.594531 0.540625 0.082812 0.110417
11 0.273438 0.643750 0.084375 0.112500
15 0.274219 0.115625 0.101562 0.135417
17 0.539844 0.151042 0.089063 0.118750
8 0.456250 0.510417 0.118750 0.158333
21 0.552344 0.865625 0.098437 0.131250
19 0.729688 0.925000 0.093750 0.125000
