12 0.407813 0.733333 0.112500 0.150000
17 0.101562 0.216667 0.078125 0.104167
8 0.082031 0.659375 0.098437 0.131250
12 0.469531 0.378125 0.079687 0.106250
9 0.185156 0.255208 0.085938 0.114583
12 0.839844 0.703125 0.104688 0.139583
17 0.853125 0.289583 0.090625 0.120833
17 0.439844 0.921875 0.070312 0.093750
8 0.253906 0.686458 0.114062 0.152083
16 0.621094 0.296875 0.079687 0.106250
6 0.326562 0.266667 0.087500 0.116667
17 0.119531 0.811458 0.101562 0.135417
1 0.629687 0.052083 0.078125 0.104167
