15 0.496875 0.837500 0.081250 0.108333
16 0.475000 0.514583 0.109375 0.145833
4 0.237500 0.127083 0.118750 0.158333
12 0.748437 0.643750 0.115625 0.154167
0 0.679688 0.260417 0.090625 0.120833
8 0.146875 0.797917 0.118750 0.158333
9 0.369531 0.869792 0.095312 0.127083
17 0.551562 0.112500 0.068750 0.091667
12 0.176563 0.518750 0.112500 0.150000
6 0.267969 0.786458 0.101562 0.135417
4 0.671094 0.090625 0.098437 0.131250
15 0.639844 0.728125 0.092188 0.122917
17 0.085156 0.138542 0.076563 0.102083
