16 0.786719 0.396875 0.101562 0.135417
10 0.794531 0.565625 0.114062 0.152083
0 0.551562 0.406250 0.075000 0.100000
19 0.600000 0.935417 0.093750 0.125000
9 0.232031 0.415625 0.107813 0.143750
9 0.079687 0.775000 0.109375 0.145833
16 0.610938 0.654167 0.115625 0.154167
16 0.066406 0.117708 0.101562 0.135417
20 0.660156 0.190625 0.085938 0.114583
12 0.432812 0.362500 0.115625 0.154167
8 0.427344 0.132292 0.117188 0.156250
8 0.218750 0.787500 0.103125 0.137500
18 0.882812 0.335417 0.071875 0.095833
