9 0.764844 0.290625 0.085938 0.114583
15 0.438281 0.273958 0.107813 0.143750
20 0.163281 0.626042 0.092188 0.122917
11 0.680469 0.686458 0.104688 0.139583
16 0.409375 0.435417 0.106250 0.141667
3 0.544531 0.746875 0.073438 0.097917
4 0.231250 0.814583 0.075000 0.100000
1 0.364844 0.684375 0.101562 0.135417
12 0.885938 0.760417 0.100000 0.133333
6 0.092188 0.452083 0.106250 0.141667
6 0.610938 0.500000 0.071875 0.095833
16 0.225781 0.080208 0.110937 0.147917
3 0.384375 0.120833 0.084375 0.112500
