12 0.911719 0.944792 0.079687 0.106250
18 0.042969 0.236458 0.076563 0.102083
17 0.363281 0.140625 0.076563 0.102083
12 0.584375 0.829167 0.078125 0.104167
0 0.714063 0.252083 0.100000 0.133333
7 0.354687 0.470833 0.087500 0.116667
9 0.699219 0.530208 0.095312 0.127083
8 0.036719 0.453125 0.070312 0.093750
17 0.225781 0.755208 0.098437 0.131250
8 0.116406 0.811458 0.076563 0.102083
5 0.894531 0.690625 0.089063 0.118750
11 0.178906 0.319792 0.073438 0.097917
17 0.503125 0.418750 0.106250 0.141667
