17 0.083594 0.448958 0.073438 0.097917
9 0.310937 0.187500 0.118750 0.158333
19 0.920312 0.175000 0.084375 0.112500
15 0.358594 0.778125 0.114062 0.152083
21 0.713281 0.492708 0.107813 0.143750
16 0.557813 0.835417 0.109375 0.145833
17 0.464844 0.230208 0.101562 0.135417
11 0.945312 0.766667 0.100000 0.133333
16 0.192969 0.344792 0.110937 0.147917
16 0.767188 0.627083 0.087500 0.116667
9 0.814063 0.487500 0.078125 0.104167
5 0.500781 0.467708 0.079687 0.106250
17 0.064062 0.670833 0.084375 0.112500
