12 0.450781 0.505208 0.070312 0.093750
11 0.487500 0.131250 0.096875 0.129167
8 0.259375 0.262500 0.112500 0.150000
4 0.544531 0.763542 0.114062 0.152083
17 0.761719 0.601042 0.104688 0.139583
12 0.117969 0.534375 0.098437 0.131250
8 0.775000 0.064583 0.096875 0.129167
6 0.706250 0.243750 0.087500 0.116667
14 0.945312 0.737500 0.093750 0.125000
12 0.217969 0.080208 0.114062 0.152083
17 0.732031 0.419792 0.089063 0.118750
11 0.927344 0.151042 0.073438 0.097917
17 0.114844 0.313542 0.092188 0.122917
