6 0.119531 0.209375 0.082812 0.110417
17 0.655469 0.257292 0.104688 0.139583
17 0.612500 0.416667 0.068750 0.091667
0 0.427344 0.615625 0.092188 0.122917
15 0.473438 0.775000 0.109375 0.145833
11 0.510938 0.370833 0.096875 0.129167
21 0.254688 0.575000 0.103125 0.137500
6 0.282813 0.739583 0.081250 0.108333
17 0.780469 0.117708 0.079687 0.106250
8 0.938281 0.388542 0.104688 0.139583
11 0.850000 0.679167 0.109375 0.145833
0 0.067187 0.783333 0.078125 0.104167
9 0.735156 0.805208 0.098437 0.131250
