8 0.682813 0.275000 0.084375 0.112500
12 0.174219 0.659375 0.098437 0.131250
3 0.353906 0.405208 0.107813 0.143750
16 0.686719 0.480208 0.104688 0.139583
16 0.317188 0.739583 0.096875 0.129167
9 0.778125 0.206250 0.075000 0.100000
17 0.662500 0.737500 0.112500 0.150000
12 0.289062 0.229167 0.081250 0.108333
0 0.794531 0.611458 0.098437 0.131250
3 0.067969 0.326042 0.082812 0.110417
17 0.504687 0.089583 0.075000 0.100000
9 0.924219 0.882292 0.079687 0.106250
12 0.499219 0.605208 0.098437 0.131250
