3 0.578906 0.369792 0.082812 0.110417
8 0.216406 0.288542 0.104688 0.139583
14 0.907031 0.557292 0.101562 0.135417
15 0.910937 0.383333 0.090625 0.120833
9 0.648438 0.808333 0.078125 0.104167
19 0.569531 0.092708 0.092188 0.122917
17 0.090625 0.825000 0.084375 0.112500
4 0.696875 0.220833 0.115625 0.154167
15 0.253906 0.815625 0.085938 0.114583
0 0.367188 0.416667 0.096875 0.129167
3 0.082031 0.242708 0.076563 0.102083
17 0.688281 0.426042 0.092188 0.122917
2 0.103906 0.534375 0.095312 0.127083
