5 0.889844 0.471875 0.110937 0.147917
17 0.278906 0.440625 0.092188 0.122917
6 0.421094 0.844792 0.082812 0.110417
14 0.714844 0.107292 0.107813 0.143750
12 0.660156 0.307292 0.073438 0.097917
9 0.173437 0.410417 0.100000 0.133333
3 0.403906 0.671875 0.117188 0.156250
13 0.940625 0.164583 0.115625 0.154167
12 0.623437 0.133333 0.071875 0.095833
17 0.497656 0.455208 0.089063 0.118750
17 0.529687 0.597917 0.093750 0.125000
19 0.939844 0.744792 0.117188 0.156250
11 0.190625 0.183333 0.118750 0.158333
