12 0.650000 0.416667 0.103125 0.137500
9 0.817969 0.419792 0.070312 0.093750
17 0.811719 0.128125 0.073438 0.097917
15 0.546875 0.666667 0.112500 0.150000
8 0.549219 0.255208 0.098437 0.131250
5 0.827344 0.280208 0.098437 0.131250
8 0.131250 0.127083 0.071875 0.095833
12 0.289062 0.514583 0.084375 0.112500
18 0.407031 0.492708 0.098437 0.131250
16 0.877344 0.834375 0.110937 0.147917
17 0.373437 0.933333 0.075000 0.100000
6 0.350000 0.708333 0.090625 0.120833
10 0.667188 0.802083 0.096875 0.129167
