15 0.364063 0.679167 0.106250 0.141667
3 0.211719 0.161458 0.101562 0.135417
12 0.349219 0.557292 0.070312 0.093750
17 0.813281 0.663542 0.117188 0.156250
14 0.560937 0.845833 0.103125 0.137500
9 0.703125 0.443750 0.090625 0.120833
6 0.132812 0.414583 0.075000 0.100000
9 0.888281 0.851042 0.082812 0.110417
11 0.453125 0.881250 0.081250 0.108333
6 0.527344 0.603125 0.073438 0.097917
11 0.142969 0.865625 0.089063 0.118750
12 0.050000 0.547917 0.081250 0.108333
15 0.723437 0.827083 0.112500 0.150000
