21 0.314844 0.586458 0.092188 0.122917
15 0.083594 0.542708 0.098437 0.131250
12 0.632031 0.261458 0.098437 0.131250
4 0.582031 0.523958 0.098437 0.131250
17 0.219531 0.544792 0.085938 0.114583
6 0.918750 0.491667 0.109375 0.145833
15 0.761719 0.751042 0.070312 0.093750
3 0.088281 0.361458 0.114062 0.152083
17 0.281250 0.737500 0.115625 0.154167
1 0.907031 0.788542 0.101562 0.135417
9 0.444531 0.719792 0.089063 0.118750
18 0.802344 0.561458 0.110937 0.147917
2 0.633594 0.761458 0.098437 0.131250
