9 0.567187 0.604167 0.106250 0.141667
6 0.941406 0.259375 0.095312 0.127083
15 0.934375 0.652083 0.100000 0.133333
17 0.391406 0.076042 0.098437 0.131250
17 0.282031 0.867708 0.073438 0.097917
9 0.583594 0.334375 0.082812 0.110417
4 0.174219 0.151042 0.095312 0.127083
11 0.263281 0.628125 0.085938 0.114583
12 0.042188 0.570833 0.081250 0.108333
1 0.738281 0.557292 0.117188 0.156250
11 0.703906 0.411458 0.092188 0.122917
8 0.471875 0.460417 0.096875 0.129167
9 0.798438 0.781250 0.084375 0.112500
