17 0.483594 0.846875 0.095312 0.127083
5 0.621094 0.769792 0.076563 0.102083
17 0.520312 0.170833 0.090625 0.120833
9 0.578125 0.472917 0.112500 0.150000
6 0.210156 0.317708 0.117188 0.156250
12 0.354687 0.677083 0.081250 0.108333
17 0.098437 0.566667 0.093750 0.125000
12 0.757812 0.743750 0.103125 0.137500
18 0.709375 0.275000 0.115625 0.154167
19 0.943750 0.381250 0.103125 0.137500
17 0.150000 0.104167 0.112500 0.150000
16 0.146094 0.840625 0.089063 0.118750
4 0.709375 0.933333 0.093750 0.125000
