17 0.217969 0.484375 0.089063 0.118750
3 0.401562 0.810417 0.075000 0.100000
17 0.316406 0.105208 0.079687 0.106250
16 0.217969 0.863542 0.089063 0.118750
6 0.560937 0.875000 0.109375 0.145833
1 0.271875 0.677083 0.115625 0.154167
9 0.443750 0.316667 0.087500 0.116667
16 0.716406 0.859375 0.085938 0.114583
17 0.950781 0.430208 0.073438 0.097917
17 0.097656 0.298958 0.114062 0.152083
12 0.067969 0.686458 0.089063 0.118750
12 0.901563 0.256250 0.112500 0.150000
6 0.596094 0.353125 0.098437 0.131250
