9 0.594531 0.155208 0.101562 0.135417
8 0.039062 0.556250 0.071875 0.095833
19 0.295312 0.360417 0.109375 0.145833
1 0.575781 0.819792 0.085938 0.114583
16 0.288281 0.936458 0.079687 0.106250
12 0.361719 0.073958 0.098437 0.131250
0 0.714063 0.075000 0.093750 0.125000
12 0.335938 0.593750 0.115625 0.154167
12 0.724219 0.294792 0.104688 0.139583
15 0.510156 0.540625 0.117188 0.156250
8 0.067969 0.684375 0.107813 0.143750
15 0.800781 0.098958 0.076563 0.102083
9 0.812500 0.702083 0.087500 0.116667
