14 0.215625 0.435417 0.115625 0.154167
0 0.496094 0.201042 0.095312 0.127083
19 0.697656 0.238542 0.104688 0.139583
8 0.324219 0.153125 0.079687 0.106250
9 0.859375 0.618750 0.084375 0.112500
15 0.657031 0.653125 0.076563 0.102083
4 0.790625 0.806250 0.090625 0.120833
14 0.426563 0.427083 0.096875 0.129167
10 0.442188 0.887500 0.100000 0.133333
3 0.096094 0.246875 0.101562 0.135417
6 0.926562 0.141667 0.096875 0.129167
17 0.283594 0.580208 0.098437 0.131250
1 0.815625 0.277083 0.109375 0.145833
