12 0.063281 0.430208 0.073438 0.097917
9 0.840625 0.422917 0.075000 0.100000
15 0.268750 0.220833 0.075000 0.100000
17 0.446094 0.459375 0.095312 0.127083
15 0.441406 0.896875 0.114062 0.152083
11 0.585938 0.275000 0.071875 0.095833
17 0.201563 0.577083 0.087500 0.116667
19 0.276562 0.418750 0.090625 0.120833
14 0.767969 0.813542 0.107813 0.143750
12 0.884375 0.647917 0.081250 0.108333
16 0.312500 0.081250 0.084375 0.112500
10 0.117969 0.932292 0.101562 0.135417
15 0.332813 0.718750 0.115625 0.154167
