17 0.205469 0.219792 0.082812 0.110417
18 0.922656 0.055208 0.082812 0.110417
10 0.928125 0.422917 0.109375 0.145833
12 0.747656 0.844792 0.082812 0.110417
17 0.144531 0.396875 0.107813 0.143750
15 0.810156 0.436458 0.095312 0.127083
10 0.657813 0.533333 0.106250 0.141667
0 0.614062 0.281250 0.106250 0.141667
14 0.098437 0.902083 0.078125 0.104167
16 0.381250 0.437500 0.112500 0.150000
6 0.844531 0.767708 0.079687 0.106250
15 0.243750 0.647917 0.090625 0.120833
14 0.413281 0.069792 0.079687 0.106250
