14 0.284375 0.827083 0.115625 0.154167
11 0.703125 0.500000 0.106250 0.141667
11 0.853906 0.901042 0.089063 0.118750
19 0.857031 0.357292 0.089063 0.118750
12 0.525000 0.312500 0.093750 0.125000
14 0.900000 0.672917 0.112500 0.150000
17 0.695312 0.266667 0.096875 0.129167
16 0.546094 0.573958 0.085938 0.114583
6 0.164062 0.468750 0.100000 0.133333
10 0.687500 0.756250 0.106250 0.141667
8 0.267188 0.593750 0.103125 0.137500
12 0.407031 0.738542 0.082812 0.110417
15 0.135156 0.628125 0.107813 0.143750
