15 0.058594 0.642708 0.085938 0.114583
12 0.310937 0.850000 0.071875 0.095833
16 0.843750 0.327083 0.078125 0.104167
17 0.074219 0.903125 0.110937 0.147917
17 0.598437 0.806250 0.100000 0.133333
13 0.220312 0.420833 0.112500 0.150000
12 0.888281 0.751042 0.104688 0.139583
14 0.485938 0.531250 0.084375 0.112500
17 0.341406 0.276042 0.095312 0.127083
12 0.482031 0.309375 0.110937 0.147917
9 0.105469 0.065625 0.070312 0.093750
12 0.714844 0.301042 0.110937 0.147917
8 0.394531 0.536458 0.079687 0.106250
