11 0.435937 0.806250 0.112500 0.150000
8 0.821094 0.884375 0.095312 0.127083
0 0.139063 0.595833 0.112500 0.150000
11 0.455469 0.136458 0.101562 0.135417
8 0.257031 0.128125 0.104688 0.139583
14 0.571094 0.417708 0.073438 0.097917
6 0.833594 0.571875 0.095312 0.127083
12 0.109375 0.818750 0.068750 0.091667
17 0.069531 0.369792 0.092188 0.122917
12 0.257812 0.400000 0.118750 0.158333
17 0.777344 0.173958 0.104688 0.139583
17 0.067187 0.166667 0.071875 0.095833
16 0.750000 0.343750 0.106250 0.141667
