17 0.436719 0.405208 0.107813 0.143750
0 0.390625 0.193750 0.090625 0.120833
0 0.765625 0.418750 0.096875 0.129167
12 0.210938 0.729167 0.106250 0.141667
12 0.173437 0.452083 0.118750 0.158333
5 0.933594 0.894792 0.092188 0.122917
17 0.657031 0.857292 0.082812 0.110417
9 0.396875 0.837500 0.078125 0.104167
15 0.403125 0.627083 0.078125 0.104167
17 0.505469 0.246875 0.085938 0.114583
9 0.872656 0.321875 0.085938 0.114583
16 0.133594 0.092708 0.117188 0.156250
6 0.786719 0.817708 0.101562 0.135417
