15 0.532031 0.317708 0.079687 0.106250
18 0.400781 0.103125 0.114062 0.152083
12 0.222656 0.359375 0.107813 0.143750
17 0.313281 0.811458 0.085938 0.114583
16 0.553125 0.775000 0.096875 0.129167
17 0.876563 0.529167 0.084375 0.112500
19 0.908594 0.419792 0.070312 0.093750
17 0.214062 0.587500 0.096875 0.129167
9 0.735156 0.769792 0.114062 0.152083
21 0.418750 0.335417 0.093750 0.125000
8 0.541406 0.134375 0.076563 0.102083
11 0.714844 0.151042 0.073438 0.097917
17 0.121094 0.857292 0.092188 0.122917
