16 0.853906 0.771875 0.101562 0.135417
0 0.046094 0.538542 0.076563 0.102083
15 0.371094 0.453125 0.079687 0.106250
16 0.819531 0.576042 0.079687 0.106250
11 0.267188 0.281250 0.090625 0.120833
17 0.171875 0.100000 0.081250 0.108333
10 0.739844 0.846875 0.095312 0.127083
12 0.682813 0.375000 0.115625 0.154167
6 0.271875 0.616667 0.096875 0.129167
8 0.298438 0.883333 0.090625 0.120833
18 0.450781 0.798958 0.076563 0.102083
6 0.737500 0.664583 0.078125 0.104167
9 0.497656 0.330208 0.104688 0.139583
