12 0.316406 0.590625 0.076563 0.102083
6 0.107813 0.689583 0.115625 0.154167
21 0.318750 0.172917 0.118750 0.158333
8 0.348438 0.770833 0.075000 0.100000
12 0.681250 0.416667 0.090625 0.120833
8 0.842187 0.183333 0.118750 0.158333
18 0.567969 0.463542 0.101562 0.135417
17 0.128125 0.385417 0.109375 0.145833
6 0.459375 0.656250 0.115625 0.154167
6 0.826562 0.677083 0.090625 0.120833
6 0.791406 0.828125 0.079687 0.106250
9 0.758594 0.534375 0.076563 0.102083
11 0.349219 0.388542 0.092188 0.122917
