4 0.603906 0.538542 0.107813 0.143750
12 0.885938 0.237500 0.087500 0.116667
6 0.567187 0.131250 0.096875 0.129167
11 0.850781 0.578125 0.098437 0.131250
14 0.491406 0.471875 0.079687 0.106250
9 0.128906 0.313542 0.104688 0.139583
16 0.136719 0.603125 0.110937 0.147917
12 0.442188 0.343750 0.096875 0.129167
16 0.303125 0.660417 0.093750 0.125000
12 0.478125 0.922917 0.071875 0.095833
10 0.207813 0.733333 0.071875 0.095833
2 0.364063 0.179167 0.075000 0.100000
16 0.625781 0.859375 0.089063 0.118750
