17 0.674219 0.796875 0.101562 0.135417
12 0.368750 0.108333 0.106250 0.141667
11 0.122656 0.686458 0.092188 0.122917
6 0.640625 0.066667 0.090625 0.120833
10 0.042969 0.563542 0.073438 0.097917
4 0.807031 0.515625 0.098437 0.131250
21 0.804688 0.789583 0.078125 0.104167
15 0.101562 0.362500 0.103125 0.137500
17 0.580469 0.846875 0.076563 0.102083
15 0.600000 0.618750 0.084375 0.112500
12 0.391406 0.309375 0.098437 0.131250
6 0.829688 0.185417 0.109375 0.145833
9 0.840625 0.050000 0.071875 0.095833
