12 0.146875 0.689583 0.081250 0.108333
9 0.913281 0.136458 0.079687 0.106250
11 0.213281 0.926042 0.092188 0.122917
17 0.795312 0.562500 0.100000 0.133333
15 0.260937 0.718750 0.071875 0.095833
16 0.717969 0.255208 0.098437 0.131250
16 0.705469 0.421875 0.098437 0.131250
8 0.146875 0.512500 0.103125 0.137500
7 0.756250 0.802083 0.103125 0.137500
17 0.367188 0.904167 0.093750 0.125000
6 0.532031 0.180208 0.092188 0.122917
16 0.554688 0.931250 0.087500 0.116667
17 0.510938 0.791667 0.106250 0.141667
