0 0.090625 0.895833 0.115625 0.154167
9 0.892188 0.558333 0.093750 0.125000
8 0.850781 0.369792 0.092188 0.122917
9 0.882031 0.090625 0.117188 0.156250
16 0.769531 0.753125 0.107813 0.143750
16 0.528906 0.159375 0.073438 0.097917
18 0.144531 0.413542 0.107813 0.143750
5 0.579688 0.579167 0.081250 0.108333
19 0.703906 0.455208 0.092188 0.122917
17 0.400000 0.552083 0.112500 0.150000
1 0.460156 0.382292 0.076563 0.102083
6 0.719531 0.219792 0.085938 0.114583
17 0.432812 0.066667 0.096875 0.129167
