17 0.685937 0.495833 0.090625 0.120833
16 0.515625 0.858333 0.093750 0.125000
4 0.790625 0.889583 0.087500 0.116667
0 0.923438 0.072917 0.068750 0.091667
10 0.104688 0.800000 0.090625 0.120833
15 0.693750 0.218750 0.075000 0.100000
3 0.127344 0.417708 0.092188 0.122917
18 0.913281 0.851042 0.089063 0.118750
6 0.291406 0.557292 0.073438 0.097917
8 0.921094 0.667708 0.114062 0.152083
16 0.063281 0.651042 0.114062 0.152083
6 0.569531 0.138542 0.098437 0.131250
20 0.144531 0.205208 0.089063 0.118750
