17 0.727344 0.371875 0.107813 0.143750
21 0.938281 0.194792 0.107813 0.143750
6 0.567969 0.298958 0.107813 0.143750
6 0.368750 0.418750 0.087500 0.116667
0 0.271875 0.847917 0.100000 0.133333
6 0.125000 0.793750 0.096875 0.129167
17 0.401562 0.264583 0.090625 0.120833
16 0.445312 0.685417 0.071875 0.095833
8 0.430469 0.894792 0.117188 0.156250
13 0.479687 0.550000 0.084375 0.112500
16 0.621875 0.566667 0.093750 0.125000
11 0.178125 0.241667 0.115625 0.154167
17 0.933594 0.057292 0.070312 0.093750
