17 0.175781 0.838542 0.104688 0.139583
6 0.232813 0.202083 0.084375 0.112500
7 0.055469 0.615625 0.082812 0.110417
16 0.076563 0.091667 0.096875 0.129167
9 0.660156 0.680208 0.114062 0.152083
17 0.156250 0.600000 0.090625 0.120833
8 0.521875 0.337500 0.115625 0.154167
4 0.814844 0.580208 0.085938 0.114583
15 0.817969 0.223958 0.076563 0.102083
17 0.450000 0.733333 0.081250 0.108333
18 0.681250 0.254167 0.096875 0.129167
9 0.831250 0.418750 0.115625 0.154167
0 0.274219 0.613542 0.104688 0.139583
