0 0.779687 0.739583 0.081250 0.108333
15 0.607031 0.205208 0.114062 0.152083
6 0.592969 0.651042 0.117188 0.156250
0 0.721094 0.859375 0.076563 0.102083
9 0.041406 0.932292 0.082812 0.110417
4 0.494531 0.455208 0.079687 0.106250
17 0.353906 0.173958 0.089063 0.118750
16 0.664844 0.378125 0.101562 0.135417
17 0.913281 0.276042 0.070312 0.093750
21 0.909375 0.120833 0.075000 0.100000
6 0.071094 0.411458 0.098437 0.131250
4 0.471875 0.677083 0.090625 0.120833
12 0.803906 0.269792 0.104688 0.139583
