17 0.714844 0.486458 0.098437 0.131250
8 0.728906 0.096875 0.092188 0.122917
18 0.590625 0.364583 0.100000 0.133333
9 0.523438 0.852083 0.115625 0.154167
14 0.917969 0.326042 0.095312 0.127083
12 0.480469 0.688542 0.107813 0.143750
17 0.238281 0.632292 0.104688 0.139583
13 0.154688 0.435417 0.078125 0.104167
18 0.637500 0.227083 0.081250 0.108333
17 0.355469 0.107292 0.079687 0.106250
3 0.653906 0.703125 0.104688 0.139583
15 0.156250 0.129167 0.115625 0.154167
6 0.407813 0.483333 0.112500 0.150000
