1 0.619531 0.334375 0.110937 0.147917
12 0.614062 0.795833 0.090625 0.120833
6 0.249219 0.332292 0.079687 0.106250
12 0.250781 0.517708 0.076563 0.102083
0 0.130469 0.198958 0.070312 0.093750
17 0.364063 0.212500 0.109375 0.145833
10 0.756250 0.535417 0.106250 0.141667
0 0.360938 0.383333 0.087500 0.116667
17 0.908594 0.098958 0.089063 0.118750
8 0.915625 0.239583 0.109375 0.145833
15 0.449219 0.886458 0.092188 0.122917
8 0.790625 0.243750 0.081250 0.108333
6 0.850781 0.815625 0.114062 0.152083
