9 0.908594 0.626042 0.107813 0.143750
12 0.053906 0.890625 0.098437 0.131250
12 0.660156 0.815625 0.076563 0.102083
17 0.388281 0.478125 0.095312 0.127083
17 0.712500 0.212500 0.109375 0.145833
11 0.443750 0.839583 0.093750 0.125000
17 0.282031 0.217708 0.079687 0.106250
17 0.598437 0.160417 0.115625 0.154167
9 0.346094 0.942708 0.079687 0.106250
12 0.057031 0.319792 0.098437 0.131250
14 0.590625 0.662500 0.081250 0.108333
9 0.241406 0.507292 0.117188 0.156250
5 0.867188 0.277083 0.100000 0.133333
