15 0.240625 0.441667 0.112500 0.150000
8 0.950781 0.544792 0.089063 0.118750
17 0.857031 0.901042 0.089063 0.118750
17 0.877344 0.076042 0.114062 0.152083
6 0.546094 0.313542 0.076563 0.102083
12 0.092969 0.746875 0.095312 0.127083
12 0.425000 0.827083 0.081250 0.108333
12 0.415625 0.397917 0.093750 0.125000
15 0.733594 0.198958 0.079687 0.106250
20 0.765625 0.416667 0.084375 0.112500
17 0.071875 0.387500 0.109375 0.145833
15 0.660937 0.602083 0.109375 0.145833
9 0.603125 0.437500 0.093750 0.125000
