16 0.882031 0.053125 0.079687 0.106250
14 0.575000 0.579167 0.071875 0.095833
11 0.677344 0.601042 0.076563 0.102083
15 0.490625 0.858333 0.078125 0.104167
0 0.225781 0.138542 0.073438 0.097917
17 0.273438 0.787500 0.075000 0.100000
17 0.758594 0.782292 0.085938 0.114583
17 0.916406 0.842708 0.104688 0.139583
9 0.128125 0.822917 0.090625 0.120833
21 0.531250 0.318750 0.075000 0.100000
4 0.206250 0.429167 0.071875 0.095833
0 0.578906 0.201042 0.098437 0.131250
10 0.739844 0.426042 0.114062 0.152083
