9 0.432031 0.667708 0.114062 0.152083
7 0.689063 0.220833 0.093750 0.125000
9 0.254688 0.566667 0.106250 0.141667
19 0.785156 0.582292 0.092188 0.122917
0 0.912500 0.483333 0.103125 0.137500
6 0.838281 0.105208 0.114062 0.152083
18 0.520312 0.237500 0.106250 0.141667
17 0.542969 0.457292 0.117188 0.156250
18 0.908594 0.801042 0.117188 0.156250
4 0.217969 0.765625 0.110937 0.147917
11 0.457813 0.889583 0.109375 0.145833
9 0.679688 0.495833 0.087500 0.116667
17 0.218750 0.366667 0.087500 0.116667
