15 0.823438 0.279167 0.075000 0.100000
17 0.555469 0.471875 0.101562 0.135417
8 0.839063 0.583333 0.090625 0.120833
4 0.904687 0.097917 0.078125 0.104167
4 0.135156 0.851042 0.101562 0.135417
15 0.252344 0.438542 0.082812 0.110417
8 0.342187 0.845833 0.078125 0.104167
16 0.787500 0.743750 0.106250 0.141667
9 0.729688 0.472917 0.075000 0.100000
15 0.314063 0.637500 0.100000 0.133333
17 0.482812 0.758333 0.093750 0.125000
12 0.517188 0.620833 0.075000 0.100000
11 0.952344 0.930208 0.070312 0.093750
