5 0.682813 0.460417 0.093750 0.125000
16 0.241406 0.496875 0.070312 0.093750
9 0.460938 0.079167 0.109375 0.145833
12 0.845313 0.187500 0.081250 0.108333
7 0.370312 0.922917 0.075000 0.100000
4 0.375781 0.667708 0.107813 0.143750
18 0.184375 0.375000 0.106250 0.141667
16 0.654687 0.597917 0.103125 0.137500
19 0.821875 0.427083 0.103125 0.137500
12 0.835938 0.583333 0.115625 0.154167
9 0.129688 0.889583 0.087500 0.116667
9 0.262500 0.068750 0.096875 0.129167
9 0.586719 0.771875 0.073438 0.097917
