11 0.246094 0.257292 0.101562 0.135417
9 0.089844 0.621875 0.079687 0.106250
12 0.145313 0.500000 0.096875 0.129167
21 0.559375 0.687500 0.112500 0.150000
20 0.285938 0.443750 0.078125 0.104167
0 0.750000 0.554167 0.078125 0.104167
9 0.753906 0.703125 0.089063 0.118750
16 0.588281 0.117708 0.082812 0.110417
9 0.358594 0.782292 0.073438 0.097917
17 0.127344 0.071875 0.104688 0.139583
16 0.423438 0.262500 0.084375 0.112500
9 0.440625 0.529167 0.106250 0.141667
17 0.095312 0.289583 0.103125 0.137500
