8 0.496875 0.564583 0.093750 0.125000
10 0.904687 0.691667 0.109375 0.145833
12 0.760938 0.664583 0.081250 0.108333
18 0.628125 0.839583 0.100000 0.133333
17 0.652344 0.336458 0.107813 0.143750
16 0.944531 0.492708 0.095312 0.127083
9 0.246875 0.720833 0.106250 0.141667
6 0.625781 0.582292 0.110937 0.147917
17 0.110156 0.082292 0.117188 0.156250
17 0.772656 0.326042 0.098437 0.131250
6 0.370312 0.368750 0.106250 0.141667
12 0.109375 0.727083 0.100000 0.133333
15 0.791406 0.123958 0.104688 0.139583
