0 0.100781 0.830208 0.110937 0.147917
4 0.219531 0.648958 0.101562 0.135417
8 0.775000 0.566667 0.087500 0.116667
15 0.442969 0.351042 0.079687 0.106250
15 0.768750 0.362500 0.081250 0.108333
6 0.450000 0.512500 0.103125 0.137500
19 0.875000 0.297917 0.081250 0.108333
17 0.685156 0.626042 0.079687 0.106250
11 0.057031 0.180208 0.082812 0.110417
14 0.071875 0.420833 0.096875 0.129167
6 0.609375 0.104167 0.078125 0.104167
17 0.410938 0.927083 0.075000 0.100000
18 0.582031 0.576042 0.107813 0.143750
