9 0.783594 0.215625 0.082812 0.110417
16 0.352344 0.709375 0.117188 0.156250
11 0.635938 0.806250 0.081250 0.108333
3 0.871875 0.493750 0.081250 0.108333
4 0.641406 0.221875 0.101562 0.135417
9 0.482031 0.192708 0.095312 0.127083
12 0.164062 0.775000 0.071875 0.095833
3 0.368750 0.181250 0.090625 0.120833
15 0.523438 0.520833 0.090625 0.120833
10 0.265625 0.089583 0.106250 0.141667
12 0.213281 0.563542 0.107813 0.143750
17 0.932813 0.108333 0.106250 0.141667
3 0.845313 0.783333 0.112500 0.150000
