9 0.429688 0.220833 0.093750 0.125000
8 0.475781 0.655208 0.073438 0.097917
15 0.242969 0.892708 0.104688 0.139583
17 0.054688 0.781250 0.109375 0.145833
10 0.167187 0.283333 0.081250 0.108333
18 0.228125 0.737500 0.096875 0.129167
12 0.539062 0.512500 0.109375 0.145833
3 0.639062 0.862500 0.106250 0.141667
17 0.545312 0.270833 0.078125 0.104167
9 0.383594 0.411458 0.085938 0.114583
0 0.469531 0.915625 0.101562 0.135417
0 0.286719 0.582292 0.079687 0.106250
6 0.850781 0.888542 0.098437 0.131250
