9 0.648438 0.268750 0.112500 0.150000
12 0.173437 0.572917 0.112500 0.150000
4 0.749219 0.140625 0.070312 0.093750
18 0.354687 0.737500 0.118750 0.158333
8 0.100000 0.281250 0.115625 0.154167
3 0.506250 0.514583 0.093750 0.125000
8 0.471875 0.662500 0.081250 0.108333
15 0.822656 0.736458 0.101562 0.135417
6 0.383594 0.394792 0.117188 0.156250
12 0.850000 0.395833 0.115625 0.154167
1 0.702344 0.726042 0.098437 0.131250
17 0.381250 0.554167 0.090625 0.120833
16 0.190625 0.747917 0.115625 0.154167
