14 0.114062 0.362500 0.081250 0.108333
17 0.405469 0.209375 0.079687 0.106250
17 0.145313 0.529167 0.075000 0.100000
9 0.964063 0.393750 0.071875 0.095833
3 0.304688 0.504167 0.084375 0.112500
17 0.421094 0.642708 0.107813 0.143750
8 0.275000 0.068750 0.096875 0.129167
12 0.162500 0.879167 0.078125 0.104167
11 0.872656 0.642708 0.117188 0.156250
15 0.724219 0.848958 0.098437 0.131250
1 0.288281 0.838542 0.095312 0.127083
8 0.649219 0.438542 0.089063 0.118750
15 0.075781 0.169792 0.089063 0.118750
