9 0.042969 0.061458 0.079687 0.106250
6 0.260937 0.514583 0.084375 0.112500
15 0.686719 0.611458 0.085938 0.114583
15 0.512500 0.335417 0.109375 0.145833
6 0.956250 0.404167 0.081250 0.108333
11 0.066406 0.253125 0.110937 0.147917
16 0.745313 0.450000 0.087500 0.116667
13 0.503125 0.795833 0.106250 0.141667
12 0.592969 0.151042 0.110937 0.147917
18 0.169531 0.126042 0.073438 0.097917
8 0.133594 0.671875 0.070312 0.093750
15 0.750000 0.745833 0.096875 0.129167
4 0.546094 0.640625 0.110937 0.147917
