15 0.854688 0.510417 0.087500 0.116667
0 0.555469 0.573958 0.107813 0.143750
8 0.749219 0.319792 0.085938 0.114583
11 0.228906 0.892708 0.079687 0.106250
8 0.774219 0.665625 0.095312 0.127083
17 0.195312 0.297917 0.118750 0.158333
19 0.517969 0.915625 0.110937 0.147917
9 0.769531 0.938542 0.079687 0.106250
4 0.135937 0.083333 0.109375 0.145833
12 0.307812 0.735417 0.093750 0.125000
1 0.397656 0.890625 0.095312 0.127083
11 0.639062 0.147917 0.118750 0.158333
12 0.165625 0.670833 0.106250 0.141667
