11 0.122656 0.134375 0.079687 0.106250
15 0.430469 0.884375 0.070312 0.093750
11 0.883594 0.380208 0.082812 0.110417
0 0.441406 0.140625 0.089063 0.118750
15 0.796094 0.719792 0.104688 0.139583
8 0.528125 0.518750 0.071875 0.095833
17 0.344531 0.305208 0.104688 0.139583
11 0.441406 0.698958 0.095312 0.127083
16 0.308594 0.805208 0.110937 0.147917
8 0.385156 0.542708 0.117188 0.156250
5 0.888281 0.513542 0.101562 0.135417
8 0.748437 0.200000 0.078125 0.104167
3 0.225000 0.558333 0.109375 0.145833
