17 0.142187 0.327083 0.071875 0.095833
5 0.752344 0.536458 0.079687 0.106250
12 0.602344 0.380208 0.085938 0.114583
12 0.492969 0.496875 0.082812 0.110417
6 0.704688 0.250000 0.103125 0.137500
12 0.067969 0.786458 0.095312 0.127083
0 0.542969 0.730208 0.104688 0.139583
10 0.279687 0.408333 0.096875 0.129167
6 0.443750 0.070833 0.071875 0.095833
11 0.903125 0.254167 0.071875 0.095833
17 0.196875 0.639583 0.118750 0.158333
9 0.848437 0.935417 0.093750 0.125000
17 0.951562 0.077083 0.084375 0.112500
