17 0.214844 0.388542 0.085938 0.114583
17 0.813281 0.121875 0.082812 0.110417
17 0.544531 0.238542 0.079687 0.106250
16 0.301563 0.741667 0.100000 0.133333
8 0.136719 0.805208 0.101562 0.135417
16 0.780469 0.567708 0.076563 0.102083
2 0.098437 0.329167 0.103125 0.137500
5 0.827344 0.751042 0.076563 0.102083
9 0.637500 0.870833 0.096875 0.129167
11 0.725000 0.356250 0.090625 0.120833
17 0.244531 0.248958 0.073438 0.097917
16 0.585156 0.590625 0.107813 0.143750
6 0.925781 0.453125 0.114062 0.152083
