12 0.646875 0.108333 0.090625 0.120833
11 0.898438 0.533333 0.112500 0.150000
1 0.346875 0.808333 0.103125 0.137500
17 0.617969 0.546875 0.095312 0.127083
6 0.453125 0.070833 0.084375 0.112500
20 0.813281 0.273958 0.104688 0.139583
7 0.209375 0.929167 0.103125 0.137500
8 0.435156 0.282292 0.070312 0.093750
17 0.223438 0.445833 0.084375 0.112500
8 0.236719 0.232292 0.082812 0.110417
12 0.914844 0.294792 0.095312 0.127083
12 0.844531 0.832292 0.117188 0.156250
17 0.082812 0.089583 0.084375 0.112500
