4 0.205469 0.284375 0.117188 0.156250
6 0.355469 0.263542 0.079687 0.106250
12 0.464062 0.791667 0.109375 0.145833
12 0.458594 0.371875 0.073438 0.097917
18 0.677344 0.365625 0.082812 0.110417
12 0.618750 0.841667 0.087500 0.116667
0 0.378125 0.110417 0.106250 0.141667
9 0.188281 0.107292 0.114062 0.152083
13 0.805469 0.555208 0.085938 0.114583
12 0.878906 0.740625 0.085938 0.114583
0 0.853125 0.912500 0.109375 0.145833
9 0.432031 0.651042 0.073438 0.097917
9 0.817969 0.126042 0.101562 0.135417
