12 0.291406 0.894792 0.098437 0.131250
16 0.814063 0.356250 0.115625 0.154167
15 0.719531 0.723958 0.070312 0.093750
12 0.846094 0.784375 0.079687 0.106250
6 0.667188 0.256250 0.118750 0.158333
2 0.152344 0.398958 0.110937 0.147917
18 0.710156 0.430208 0.076563 0.102083
11 0.493750 0.425000 0.075000 0.100000
13 0.698438 0.595833 0.115625 0.154167
9 0.297656 0.594792 0.104688 0.139583
15 0.257031 0.173958 0.095312 0.127083
6 0.542969 0.826042 0.092188 0.122917
11 0.940625 0.893750 0.078125 0.104167
