0 0.428125 0.572917 0.071875 0.095833
15 0.675781 0.673958 0.085938 0.114583
9 0.207031 0.401042 0.104688 0.139583
18 0.071094 0.926042 0.107813 0.143750
7 0.107031 0.223958 0.098437 0.131250
14 0.749219 0.242708 0.107813 0.143750
6 0.907031 0.296875 0.082812 0.110417
12 0.817969 0.069792 0.092188 0.122917
8 0.546094 0.903125 0.092188 0.122917
18 0.294531 0.094792 0.079687 0.106250
8 0.237500 0.633333 0.100000 0.133333
12 0.405469 0.086458 0.101562 0.135417
6 0.855469 0.913542 0.082812 0.110417
