17 0.820312 0.066667 0.100000 0.133333
9 0.435156 0.557292 0.089063 0.118750
11 0.726562 0.697917 0.096875 0.129167
8 0.515625 0.768750 0.084375 0.112500
3 0.105469 0.142708 0.076563 0.102083
6 0.617188 0.775000 0.090625 0.120833
12 0.780469 0.886458 0.107813 0.143750
19 0.356250 0.072917 0.103125 0.137500
11 0.298438 0.872917 0.115625 0.154167
8 0.883594 0.326042 0.092188 0.122917
14 0.854688 0.491667 0.078125 0.104167
16 0.760156 0.205208 0.089063 0.118750
12 0.381250 0.706250 0.118750 0.158333
