6 0.512500 0.858333 0.096875 0.129167
12 0.910156 0.282292 0.079687 0.106250
8 0.271094 0.892708 0.098437 0.131250
6 0.060937 0.597917 0.115625 0.154167
17 0.830469 0.823958 0.101562 0.135417
8 0.646094 0.453125 0.114062 0.152083
12 0.641406 0.784375 0.114062 0.152083
13 0.442969 0.711458 0.114062 0.152083
14 0.728906 0.228125 0.110937 0.147917
6 0.303125 0.389583 0.096875 0.129167
6 0.254688 0.531250 0.078125 0.104167
15 0.244531 0.226042 0.114062 0.152083
17 0.876563 0.443750 0.115625 0.154167
