8 0.909375 0.547917 0.106250 0.141667
6 0.871094 0.178125 0.107813 0.143750
18 0.180469 0.790625 0.085938 0.114583
8 0.353906 0.261458 0.104688 0.139583
12 0.560937 0.583333 0.109375 0.145833
18 0.658594 0.332292 0.089063 0.118750
6 0.960156 0.330208 0.070312 0.093750
3 0.662500 0.904167 0.078125 0.104167
10 0.171094 0.390625 0.110937 0.147917
17 0.475000 0.122917 0.115625 0.154167
3 0.678125 0.577083 0.103125 0.137500
16 0.314063 0.095833 0.093750 0.125000
14 0.880469 0.865625 0.114062 0.152083
