18 0.366406 0.107292 0.082812 0.110417
12 0.728125 0.233333 0.115625 0.154167
20 0.464062 0.922917 0.106250 0.141667
17 0.239063 0.752083 0.115625 0.154167
6 0.640625 0.066667 0.087500 0.116667
19 0.789844 0.471875 0.089063 0.118750
3 0.872656 0.823958 0.107813 0.143750
15 0.093750 0.483333 0.118750 0.158333
16 0.454688 0.143750 0.078125 0.104167
12 0.492188 0.279167 0.106250 0.141667
17 0.645312 0.720833 0.078125 0.104167
9 0.260937 0.091667 0.112500 0.150000
16 0.257812 0.918750 0.090625 0.120833
