15 0.627344 0.192708 0.110937 0.147917
3 0.260937 0.466667 0.081250 0.108333
0 0.503906 0.559375 0.098437 0.131250
17 0.285938 0.854167 0.075000 0.100000
8 0.631250 0.793750 0.115625 0.154167
17 0.727344 0.632292 0.098437 0.131250
17 0.315625 0.202083 0.093750 0.125000
17 0.702344 0.428125 0.095312 0.127083
9 0.160156 0.638542 0.110937 0.147917
8 0.060156 0.286458 0.117188 0.156250
17 0.064062 0.066667 0.100000 0.133333
17 0.392188 0.764583 0.115625 0.154167
16 0.855469 0.490625 0.110937 0.147917
