19 0.317188 0.914583 0.075000 0.100000
11 0.489844 0.080208 0.085938 0.114583
9 0.199219 0.567708 0.098437 0.131250
6 0.479687 0.916667 0.106250 0.141667
17 0.947656 0.665625 0.070312 0.093750
15 0.743750 0.537500 0.118750 0.158333
16 0.098437 0.345833 0.090625 0.120833
4 0.325000 0.522917 0.081250 0.108333
7 0.258594 0.073958 0.076563 0.102083
12 0.498437 0.462500 0.115625 0.154167
6 0.621875 0.268750 0.087500 0.116667
17 0.905469 0.396875 0.092188 0.122917
6 0.075000 0.531250 0.103125 0.137500
