6 0.835938 0.177083 0.081250 0.108333
0 0.661719 0.234375 0.110937 0.147917
18 0.452344 0.361458 0.082812 0.110417
17 0.882031 0.838542 0.076563 0.102083
8 0.432031 0.257292 0.070312 0.093750
17 0.268750 0.220833 0.112500 0.150000
5 0.306250 0.789583 0.115625 0.154167
16 0.664844 0.873958 0.101562 0.135417
17 0.721875 0.062500 0.081250 0.108333
12 0.830469 0.523958 0.110937 0.147917
17 0.915625 0.300000 0.093750 0.125000
16 0.777344 0.876042 0.082812 0.110417
8 0.054688 0.683333 0.100000 0.133333
