15 0.456250 0.091667 0.109375 0.145833
16 0.598437 0.743750 0.071875 0.095833
3 0.078125 0.662500 0.075000 0.100000
4 0.328125 0.416667 0.096875 0.129167
17 0.322656 0.203125 0.079687 0.106250
16 0.071094 0.421875 0.117188 0.156250
6 0.582031 0.286458 0.110937 0.147917
6 0.232813 0.768750 0.081250 0.108333
17 0.404687 0.716667 0.103125 0.137500
12 0.447656 0.342708 0.092188 0.122917
17 0.220312 0.306250 0.100000 0.133333
21 0.480469 0.551042 0.117188 0.156250
17 0.928125 0.566667 0.115625 0.154167
