9 0.672656 0.165625 0.070312 0.093750
16 0.914062 0.245833 0.096875 0.129167
9 0.251563 0.750000 0.084375 0.112500
15 0.509375 0.322917 0.118750 0.158333
0 0.070312 0.139583 0.100000 0.133333
18 0.171094 0.319792 0.114062 0.152083
12 0.578906 0.086458 0.107813 0.143750
19 0.110937 0.864583 0.075000 0.100000
16 0.045312 0.750000 0.071875 0.095833
11 0.349219 0.219792 0.110937 0.147917
11 0.678906 0.848958 0.095312 0.127083
9 0.871875 0.508333 0.093750 0.125000
5 0.463281 0.901042 0.082812 0.110417
