17 0.680469 0.328125 0.098437 0.131250
16 0.460156 0.526042 0.101562 0.135417
3 0.587500 0.575000 0.071875 0.095833
13 0.784375 0.631250 0.084375 0.112500
17 0.202344 0.167708 0.104688 0.139583
17 0.882031 0.646875 0.092188 0.122917
20 0.071094 0.565625 0.117188 0.156250
8 0.582031 0.688542 0.095312 0.127083
19 0.752344 0.855208 0.114062 0.152083
4 0.896875 0.879167 0.084375 0.112500
17 0.392188 0.370833 0.071875 0.095833
3 0.396875 0.675000 0.096875 0.129167
17 0.667188 0.129167 0.084375 0.112500
